  -1.7263148e+00   2.0378891e+00  -1.1774881e+00   3.0542800e-02  -2.1814830e-01  -2.6996391e-01   3.0341241e-01  -3.8578637e-01   1.2173748e-01  -4.2635267e-01  -8.8862599e-01  -1.7250746e-01   1.9439385e-01  -2.3650311e-01  -2.3787341e-03  -2.9307700e-02
  -1.9047282e+00  -2.1614869e+00   2.5778810e-01  -5.2591091e-01   5.3554083e-01  -1.5065143e-01  -1.2597983e-01  -7.9581559e-01   5.8331095e-01   7.3296563e-02   1.1237024e-01  -2.1330884e-02   1.8053813e-01   2.9721723e-02  -5.1830084e-02   6.6517880e-02
  -1.5945067e+00   2.3996529e+00  -6.9540979e-01   2.8285872e-01  -6.7453165e-01  -4.8655462e-01  -6.7339159e-02  -5.4023189e-01  -1.1917789e-01  -7.2298354e-02   3.4479068e-01  -9.6340975e-02  -5.6042724e-02  -3.2181288e-03   4.9146290e-02   5.1628610e-03
  -1.4109001e+00   2.4545888e+00  -9.1233839e-01   9.9619907e-02  -6.1327080e-01  -1.9855885e-02  -4.0889781e-01  -2.6226658e-01  -2.6740184e-01   1.6054459e-01   6.4010570e-01  -9.8500095e-02  -1.7393408e-01   4.6695884e-02   1.7748195e-02  -2.7827646e-02
   2.8052160e+00   8.4172174e-01   5.7284250e-01   4.1824245e-01   1.7593350e-01  -3.9394914e-01  -7.4895098e-03  -1.1171173e-01  -1.1588652e-02  -8.0962393e-01   1.5509236e-01  -2.3605474e-02   2.9689675e-02   5.0002285e-02  -1.8304478e-01   6.5750757e-02
   2.7913677e+00  -3.2117280e-01   4.7644141e-01  -5.5247201e-01  -8.6829913e-01  -4.5183824e-01   1.3191700e-01   6.5835214e-01   1.5528209e-01   2.6728477e-01  -6.0511759e-02  -8.3535167e-02  -1.6462053e-01   1.5199650e-01  -6.7407294e-02   4.8962205e-02
   3.0248077e+00   6.7125017e-01   1.5020333e-01   1.5758723e-01  -1.0124164e-01   4.0950197e-01  -2.0453939e-01   1.7277068e-01   2.4087284e-01   1.7736894e-01   2.4600255e-02  -1.2356140e-02   2.8499583e-02   2.7505228e-04   3.7955594e-02  -2.3836649e-02
   2.8024319e+00  -1.0877663e-01   3.4676748e-01   5.3662369e-01  -1.1408918e+00  -4.7278897e-01   2.3323530e-01   2.2594587e-01   2.5601628e-01  -9.8408275e-02  -8.3222394e-03   4.7418596e-02  -3.1106959e-02   8.6196592e-02   9.5271271e-02   5.3598893e-02
   2.5454822e+00   5.9576078e-01   1.2734239e+00   4.0721598e-01   1.0073180e+00   5.5391924e-01  -6.3262065e-02   8.1373890e-02   3.5866297e-02   1.0399675e-01   1.9287731e-02  -2.1823559e-01  -2.1462214e-02   9.8186476e-02  -1.1735655e-03   1.1900690e-03
   2.3887816e+00  -1.0425504e+00   6.2945808e-02  -5.4309386e-01  -1.3799045e+00  -1.1976480e-01   7.2169747e-01  -4.4748285e-01  -4.7238710e-01  -1.9414791e-01   9.9023875e-03   5.5784398e-02   3.3023313e-02   2.4128877e-02   7.2318833e-02  -3.1716101e-02
   2.8126587e+00   1.1370454e+00  -6.0403344e-01   1.7836716e-01   2.9387613e-01   3.0201447e-01  -4.1221951e-02  -2.0581931e-01   1.2160750e-01   3.1271109e-01   2.1032096e-02   1.7543592e-01   9.0427558e-03  -2.6272676e-02   7.5993926e-02  -2.7762690e-03
   2.0567943e+00  -4.9723463e-01  -2.1412856e+00  -4.0282911e-01   1.0092306e-02  -5.1761582e-01  -3.2440782e-01  -5.1784884e-01  -6.1997264e-02   4.6658162e-02  -9.4855381e-02  -3.1603098e-01  -5.7953229e-02  -3.1271630e-02  -1.2139624e-01  -3.1382091e-02
   2.1916338e+00  -1.1179583e+00  -6.1618731e-02  -8.2169835e-01  -1.1098451e+00   1.2695221e+00   1.9157656e-01  -2.8774009e-01  -4.5258813e-01   2.7079662e-02  -8.3805750e-02   2.3160718e-01  -1.9652829e-01   9.6907424e-03   3.9458459e-02   1.9639419e-02
   2.2659444e+00   5.4230999e-01   1.2422805e+00  -5.8394535e-01   3.9841252e-01   7.2267362e-01  -7.9403911e-01   3.4969959e-01  -8.7582892e-01   3.6713315e-02  -2.5560525e-02   2.1035993e-01  -8.8322703e-02   6.5796270e-01  -2.8987442e-02   1.3656630e-02
  -1.4634390e+00   2.1134502e+00  -1.0400404e+00   5.1231706e-01   5.9998156e-01   4.1573976e-02   3.5732945e-01   2.1087084e-01   8.9451221e-01   6.4003315e-02  -6.4493513e-01  -2.4857709e-01  -4.2738511e-01   6.0703008e-02   1.8195666e-01  -1.1761706e-01
   2.6271187e+00   8.2147311e-01   1.0655235e+00   5.1557202e-01   9.0339374e-02  -3.8655705e-01  -1.8380452e-01   4.3513855e-02   3.3104598e-01  -8.2769998e-01  -1.2810097e-02   1.3304516e-01  -1.3829055e-01   3.5854806e-02  -1.1470972e-01   6.7531261e-02
   2.7092237e+00   4.9202162e-01   1.0577654e+00  -3.3007126e-01  -1.0612087e-01  -5.0804122e-01   1.4959617e-01   1.8031153e-01   6.3186465e-01  -3.2835763e-01   1.4333533e-01   5.5527996e-01  -1.6090227e-01  -8.4450768e-02   4.1872460e-02  -6.8771210e-02
   2.3768281e+00   3.9545396e-01   1.7088692e+00   9.5766761e-02   8.8323614e-01  -1.2966599e-01   2.8980527e-01  -2.7493911e-01  -4.0454089e-01   1.8822701e-01  -1.2050129e-01  -3.3938070e-01  -3.6491321e-02  -8.3715630e-02   4.5084875e-02   2.3056429e-02
   3.0254211e+00   5.5149457e-01   3.6648448e-01   3.7151453e-01  -3.0775465e-01  -3.3815327e-01  -1.6081945e-01   1.9202665e-02   1.6810405e-01  -1.0341521e-01   7.9897501e-02   1.2322629e-01   5.5395779e-02   5.1685299e-02   4.2101013e-02  -5.0045485e-03
   2.7607021e+00   9.4256030e-01  -5.5783763e-01  -9.9328281e-02   8.1924952e-01  -7.2064411e-02   1.3481850e-01  -3.0981148e-01  -1.5499529e-01   2.4597781e-01  -8.5565867e-02   3.5721719e-01  -2.5755209e-01   1.2298701e-01  -6.5803129e-02   1.1084915e-01
   2.7996642e+00   1.2446385e-01  -6.9204367e-01  -9.3479983e-01   1.9950764e-01  -6.0411171e-01   5.1101874e-01   1.2196647e-01  -2.2443162e-01  -8.4074637e-02   9.2155245e-02  -2.4832121e-02   7.3577782e-02   3.0609282e-02  -1.8154901e-01  -5.4295751e-02
   2.5775526e+00  -4.8937383e-03   1.9598056e-02   1.0565613e+00  -1.1517886e+00  -1.2929231e-01   3.9854738e-01  -5.2498747e-01  -4.1174207e-01  -5.0811861e-01   2.2863054e-02   3.2288422e-02   9.3254514e-02   1.2627532e-01   5.7137835e-02   2.3444776e-02
   2.8725921e+00  -9.9139775e-02   3.3157959e-01  -1.7878775e-01  -1.0840160e+00  -4.3115148e-01  -1.4193284e-01   3.4606726e-01  -7.2805386e-02   2.6736102e-01  -8.1169231e-02   4.9944121e-02   2.5768455e-03   4.8766293e-02   2.4325761e-02   1.5453901e-02
   2.2833576e+00   4.6120410e-01  -1.8842587e+00  -1.2810174e-01   8.5866591e-01   1.9157363e-01   1.9575515e-01   1.0936884e-01   1.6677200e-01  -2.5481505e-01  -6.2069389e-02   1.5408178e-03  -2.7063155e-01  -5.6192737e-02   5.0615730e-02   1.0063555e-01
   2.7935032e+00   8.5183910e-01   2.3484622e-01   9.0607588e-01   1.8246481e-02   3.0084558e-01  -3.4701478e-01  -4.4506065e-01   1.3969266e-01  -2.9459042e-01  -6.1846858e-02   1.1515239e-01  -2.3991871e-01   2.5438603e-02  -1.3972148e-01   7.7110447e-02
  -1.3183326e+00   2.4878937e+00  -4.8176856e-01  -4.8206327e-01  -3.1257243e-01   7.3584927e-01   1.0709163e-02   1.3553401e-01  -2.0962658e-01   1.6008651e-01  -6.9421600e-01   4.6722027e-01   3.6153745e-01   1.3102063e-01  -1.5768545e-01   6.1248084e-02
   2.0316419e+00   4.9023559e-01  -2.1487779e+00   4.2176697e-03   8.9751268e-01   7.9263991e-02   8.9064302e-02   5.2682587e-02   3.8621313e-01  -2.3636204e-02   3.9500960e-02  -6.5593669e-02  -1.8050238e-01  -3.9702890e-02  -1.0415859e-02   7.7508982e-02
   2.2220529e+00  -2.0569797e-01   1.5749083e+00  -9.4900896e-01   1.0460574e+00  -1.7055667e-01  -2.3501357e-01   3.8231655e-01  -5.7525292e-02  -4.7355782e-01   2.4834443e-02   1.3546107e-01  -1.0379601e-01   1.9264430e-01   9.1941834e-02  -1.0456405e-01
   2.6083025e+00   5.0918480e-01  -8.0914378e-01   3.2832127e-01  -1.6260644e-01   6.8324415e-02   9.7664939e-01  -2.5149629e-01  -2.2257785e-01  -2.9881216e-01   4.4426825e-01  -4.8700909e-02   8.4414440e-01  -8.2279187e-02  -2.3294242e-01  -1.4448400e-01
   3.0081541e+00   3.8378091e-01  -4.3954509e-01  -1.5455300e-02  -1.1445516e-01  -5.1566887e-01   5.6361006e-01   1.3234144e-02  -6.8329627e-02   2.7385316e-02   7.2287790e-02  -3.1118941e-02   5.0551962e-02   1.7405489e-02  -2.2037955e-03   5.6081113e-03
  -1.6772019e+00   1.6990995e+00   1.0534440e-01  -8.5751329e-01  -1.6556349e+00   5.7428578e-02  -5.7736243e-01   5.1193513e-01  -4.1009188e-01  -1.6264185e-02  -8.9334639e-02   3.4133925e-02   1.5579116e-01   9.8381260e-02  -2.1955233e-02   1.4288492e-02
   2.7193031e+00   3.9325964e-01   7.3530314e-01   9.3281497e-01  -4.9767628e-01  -4.0499244e-01  -3.8683609e-02  -4.1750220e-01   1.2511423e-01  -6.2004107e-01   4.1011714e-02   2.2400579e-01  -8.5641021e-02   7.0710262e-02   4.9499685e-04   2.6719392e-02
   2.9513436e+00   7.4554003e-01   4.4986631e-01   2.5653368e-01  -1.7279427e-01  -8.6648479e-02  -5.5771182e-01  -8.5176178e-02   1.1415097e-01   1.1820807e-01   1.1545608e-02   2.0346943e-01   5.7302853e-02  -1.0172882e-01   4.7955942e-02  -3.1935357e-02
  -1.4320333e+00   2.3437448e+00   5.5975912e-01   5.6577681e-02  -1.5962733e-01  -1.9819204e-01   8.8624219e-01   4.2433627e-01   2.0117619e-01   8.0360142e-02   9.4022790e-01   7.3721537e-02   1.9589643e-01   3.3565056e-01   6.6864364e-02   1.3739968e-01
   2.4697265e+00   5.1649561e-01  -1.6990105e+00  -1.5033186e-01   6.7736453e-01  -2.5193818e-01   2.8044144e-01   2.6532562e-02  -8.2924477e-02  -2.9336350e-01  -8.5452703e-02  -9.4789184e-02  -1.4179722e-01  -1.7920481e-02   3.3763417e-02   5.7349917e-02
   2.5824724e+00   4.8921465e-01  -1.0319422e+00  -6.2565406e-01   1.9070913e-01   7.1831880e-01  -3.2855759e-01   2.1245882e-01   1.2837456e-01   7.4778704e-01   1.9656499e-01   4.7102913e-01   9.7729120e-03  -2.6352129e-01   9.2515280e-02   7.8781894e-02
   1.0336870e+00  -2.2181098e+00  -2.4358133e-01  -1.2132771e+00  -8.3994351e-01   9.6916005e-01   6.4357370e-01  -2.1661691e-01   2.1361414e-01  -5.2559494e-01   4.2122949e-02  -1.4165222e-01  -1.4946233e-01  -2.7867790e-02   7.8264267e-02  -1.3897112e-02
   2.1561660e+00   1.3498544e-01  -2.1538303e+00   4.6774897e-01   9.3082205e-02  -1.5458933e-01  -5.5908825e-02  -1.4027657e-01   3.7232976e-01   1.0716050e-01  -3.4997686e-01  -3.1348827e-01  -1.6132925e-01   6.5247250e-02   1.4036883e-01  -6.4634592e-02
   2.4754296e+00   2.8051020e-01  -1.5799774e+00  -6.0636819e-01   8.8233135e-01  -1.2869385e-01   1.0593884e-01   1.7381991e-01   1.6564371e-01  -1.5888530e-01   1.6021781e-02   1.0246790e-01  -1.2714061e-01  -1.3897762e-02  -1.9290305e-02  -1.3285544e-02
   2.6391174e+00  -3.9356191e-01   3.7633141e-02  -3.8623126e-01  -1.2101769e+00  -2.4873459e-03  -9.4178322e-01   4.8000595e-01   2.0995826e-02   3.2668503e-01  -1.3273137e-01   1.5521383e-02   9.1515061e-02  -7.8373034e-02   1.0097191e-01   2.2235132e-02
   2.2969392e+00   3.4156881e-01  -1.0476573e+00   1.0595866e+00   9.2466377e-01  -4.4728950e-01  -5.1925603e-01  -7.6116834e-01   4.0162926e-01  -2.4462337e-01  -1.5813638e-01  -8.0575780e-02   3.6898455e-03   3.2402196e-01   3.2589830e-01  -1.3364406e-01
   2.4715255e+00   4.5840730e-01  -1.4636598e+00  -7.2271731e-01   3.6313028e-01   3.3268320e-01  -3.5565188e-01   2.9096541e-01  -1.6156189e-01   4.0048488e-01  -1.3187714e-01   4.6212879e-01  -1.7317738e-01  -1.3549493e-01   2.3759986e-01   1.5309098e-01
   2.2000928e+00   1.0283527e-02   1.8172968e+00  -7.7136333e-01   7.7122403e-01   1.7591973e-01   1.4659155e-01  -3.5487045e-02  -6.9781103e-01   9.1534334e-02   3.5558930e-02  -2.2856333e-01   2.0044291e-01  -1.1762411e-01  -5.4504866e-02   3.2370084e-02
   2.4230681e+00   4.8491981e-01  -1.5590713e+00  -8.4431406e-01   3.1449908e-01  -1.8900286e-01  -4.9629236e-01   2.0233216e-01  -5.0283402e-01  -7.4541277e-02  -1.3606977e-01   8.3843582e-02   4.3293465e-02  -1.6807138e-01   6.4980476e-02   6.9038096e-02
   3.0181661e+00   4.9989116e-01   4.2124322e-01   3.9338631e-01  -3.5085369e-01  -2.7802054e-01  -3.2913767e-01  -5.8801432e-03   6.1553572e-02   7.0047688e-03   4.5167312e-03   1.9372555e-04   4.4257297e-02   8.4025549e-02   4.0597621e-02  -3.8293840e-02
   2.4617070e+00   9.8121414e-01  -1.3430733e+00   5.3486756e-01   6.7288693e-01   4.6260938e-01   1.9034712e-02  -2.5692671e-01   2.4356586e-01   2.3203609e-01   9.4567443e-02   7.7444531e-02   7.1160170e-02   4.0859953e-02  -7.8447168e-02   5.9058968e-02
   2.4429288e+00   5.1443151e-01   1.6057479e+00   3.1895193e-01   7.2061067e-01   5.8916795e-02   2.3754572e-01  -3.6527840e-01  -4.2543683e-01   1.6117365e-01  -1.0905340e-01  -3.6143600e-01  -3.4452896e-02  -4.0036973e-02   1.8126500e-02   4.3689291e-02
   2.0919268e+00   8.2600594e-02  -2.2115573e+00   1.9499680e-01   3.8465245e-01  -4.5670472e-01   6.3719471e-02  -1.8992321e-02   3.0653355e-01  -1.8035289e-01  -2.4929161e-01  -3.3488184e-01  -6.3627561e-02   4.4267621e-02   1.2450854e-01  -5.8331069e-02
   2.2124859e+00   2.6505889e-01   1.8266979e+00  -5.7674402e-01   9.2953951e-01  -1.7287749e-01   5.2654048e-01  -1.5898063e-01  -2.5866659e-01  -2.4206877e-01   4.7810927e-02  -1.1750841e-01   5.7213397e-02  -1.1170729e-01   8.1603245e-02  -9.1571078e-03
   2.8173898e+00   7.0435074e-01  -8.6585027e-01  -1.3825265e-01   6.2360589e-01   2.8027237e-01   4.3090674e-01  -1.0343419e-02   2.0322293e-01   1.7187778e-01   1.3108137e-01   1.4386248e-01  -1.8529201e-03  -6.4666030e-02   3.1074491e-02   2.7761013e-02
   2.2857362e+00   1.0652014e+00  -1.2835510e+00   9.9915847e-01   3.2800221e-01  -1.1421459e-01   3.2795024e-01  -4.9929825e-01   1.7123292e-01   5.3380857e-01   1.8451087e-01   2.2555942e-01   3.2019812e-01  -9.0767610e-02   6.4502169e-02   2.5266110e-02
   1.8632862e+00   4.8524637e-04  -2.1522168e+00  -1.5757818e-01   1.1430079e+00   3.7705083e-02  -5.8933146e-01  -8.6231587e-02   2.3567555e-01  -3.5341553e-01   7.5244100e-02  -9.4260217e-02  -3.2846133e-02   8.1508279e-02  -5.9027976e-02  -3.6566440e-02
   2.4638623e+00   5.2279571e-01  -1.4036769e+00  -5.0450258e-01   7.8050601e-01  -6.2521211e-01   4.4233661e-02   2.4078536e-01  -3.4903595e-01  -3.5983841e-01  -1.4154567e-01   4.9864994e-02  -2.7084125e-01  -1.3917706e-02   1.0291223e-02   1.0913017e-01
   2.4237837e+00  -8.0338733e-01  -6.6295941e-01   2.2825756e-01  -1.0369018e+00   4.0255177e-01   4.0671929e-01   8.4880013e-01   7.7013161e-01   3.6503868e-01  -6.1836679e-02  -3.5996852e-01   6.4333430e-02  -3.1020461e-02   3.3941463e-03   2.7028271e-02
   2.2904268e+00  -9.6066148e-01  -3.5143738e-01   8.5132567e-01  -1.0868658e+00   3.1988244e-01   7.1298561e-01   5.8514020e-01   7.6987235e-01   2.2380833e-01   3.5156340e-02  -4.3548973e-01   1.0852890e-01   2.0948747e-02   2.2809481e-02  -4.0683658e-03
   6.7563357e-01  -7.4391187e-01   6.3604301e-01   1.0987468e+00  -1.2465152e+00  -1.0426540e+00   9.0856067e-01  -7.4379657e-01  -6.3185707e-02   1.6267278e+00  -3.5246893e-01   9.2173531e-02  -6.4208753e-01  -7.5062324e-02  -3.9561856e-01   4.0125493e-02
   2.1009273e+00   4.7073223e-01   1.6574097e+00   6.6718939e-03   1.2643985e+00   8.4980414e-01  -7.6142855e-02   4.3188837e-01   1.9880783e-01   3.8024484e-03   1.3552786e-01  -1.8047041e-01   3.3213858e-02   1.0335743e-01  -8.8652615e-03  -2.2186090e-02
   2.7695477e+00  -4.3423444e-01  -4.1716938e-01  -1.4068745e-01  -4.8412458e-01   2.5502139e-01   1.1728108e+00  -3.1251212e-01  -5.8696937e-02   1.8783674e-01   1.2935981e-01  -1.6914937e-01   1.2600988e-01  -1.0467930e-01  -2.3962023e-01  -7.4346323e-03
  -1.3147523e+00   2.4433095e+00  -5.1529018e-01   8.4588426e-02  -2.6508904e-01   3.3029791e-01   1.9652077e-01  -7.0132371e-02   2.4966233e-01   2.0613497e-01  -1.2681745e+00   2.5656230e-01   6.2209798e-02   5.6621668e-02  -1.1165863e-01  -4.9358566e-02
   2.8138689e+00   8.0083107e-01   8.0798906e-01   2.5537158e-01   2.4624206e-01  -1.5086975e-01  -1.4502629e-01   3.5865921e-02   2.2308827e-01  -6.8428447e-01   2.0616734e-01   6.2929657e-02   7.9597435e-02   4.0144368e-02  -1.1328674e-01   3.2267683e-02
   2.9092708e+00   6.5062624e-01   4.6626740e-01   3.6820983e-01  -2.1828070e-01   5.6545212e-01  -2.2545210e-01   2.9830556e-01   2.4719881e-01   1.4060036e-01  -8.1445619e-02  -2.7185552e-01  -6.0602713e-02   1.3732825e-01   9.0613462e-04  -1.0797028e-02
   2.2678509e+00  -9.3416491e-01  -6.2348202e-02  -1.4342712e-01  -1.1007129e+00   1.8931587e-01   1.4112201e+00  -7.8893399e-01  -2.6752589e-01  -1.4288751e-01  -1.1212042e-02  -1.1038159e-02  -6.6222100e-02  -4.1033666e-02   7.1191413e-03  -6.9850005e-03
   2.5303070e+00   5.9759084e-01   1.3299651e+00   2.5966638e-01   9.7173935e-01   6.8767957e-01   1.2783727e-02  -4.1814515e-02  -7.0276765e-02   3.4700821e-02   2.8326841e-02  -2.6177335e-01   3.3597141e-02   3.0166763e-02  -2.7903542e-02   1.1027525e-02
   2.9502528e+00   7.5602707e-01   5.3456883e-01   2.8780385e-01  -1.7194655e-01   9.6788270e-02  -4.8770996e-01  -9.6499844e-02   9.3085470e-02  -3.0119655e-02   9.0723586e-03   2.1703653e-01   1.2989929e-03  -5.1340844e-02   6.5738859e-02   2.2328691e-03
   2.7069432e+00   6.4086406e-02   2.3199703e-01   8.1970192e-01  -3.8893973e-01   1.3016121e-01  -6.4463652e-01   2.2428259e-01   8.9461817e-01  -5.9861076e-01   7.4986215e-02  -2.2291526e-01   2.2212336e-01  -1.9593860e-01  -8.3453066e-02   3.1314269e-02
   2.4271819e+00   2.9395134e-01   1.7687136e+00  -3.0990521e-01   8.1996726e-01  -1.3329068e-01   2.0645627e-01   1.0474778e-01  -1.5883193e-01   9.9857139e-02   1.1042284e-02  -1.0592495e-01  -2.5904117e-02   7.1316250e-02   6.4342837e-02  -2.6350938e-02
   2.6871781e+00   4.5180328e-01   8.2015130e-01  -4.9064554e-01   8.1573950e-02  -8.6115219e-01  -1.6709915e-01   6.9600079e-02   4.9142025e-01  -5.3567135e-01   6.4602385e-02   5.5708166e-01  -9.6419432e-02  -1.4817735e-01   1.0363201e-01  -6.1376423e-02
   1.7597944e+00  -1.4402655e+00  -8.0650353e-02  -1.2412022e+00  -1.0649058e+00   5.6180930e-01   7.5547574e-01  -7.2755801e-02  -1.0177373e+00  -2.7024585e-01  -6.7632305e-02   2.3876171e-01  -1.8491583e-01   1.8175797e-01  -1.2038278e-01  -6.2312507e-02
   2.3487137e+00  -2.3916438e-02  -1.3938013e+00   8.6158168e-01   7.7609944e-01  -3.6830742e-01  -4.0345896e-01  -6.9030776e-01   3.2713950e-01  -5.7141722e-02  -2.1795988e-01  -1.7418868e-01   1.9347571e-02   3.0831243e-01   3.4240827e-01  -1.4359560e-01
   2.5542629e+00  -1.0476858e+00  -4.6794625e-01   5.0219031e-01  -1.0427145e+00   2.8002124e-01   3.6416572e-01  -5.1174308e-01  -4.8392230e-01  -3.0570555e-01  -1.0669608e-01  -5.5957392e-02  -2.2719768e-02   6.5598231e-02   6.2869632e-02   1.0705963e-02
   2.7146714e+00  -3.5481652e-01   1.6664683e-01   4.6279776e-01  -5.3499317e-01   6.0971086e-01  -5.8578178e-01   4.6087740e-01   7.6812883e-01  -4.9631941e-01   3.3513306e-02  -3.6793793e-01   1.9735407e-01  -1.5519175e-01  -9.8049316e-02   2.6656984e-02
   2.8774138e+00   6.4336422e-01   5.6212686e-01  -5.9355135e-02  -2.8204642e-01   1.0073131e-01  -8.4181190e-01   5.9347293e-03   1.2973879e-01   6.4666334e-02   1.2892499e-01   1.7468854e-01   2.6053767e-01  -1.8100617e-01   3.0834934e-03  -7.2513902e-02
   2.4723607e+00   5.3975126e-01  -1.5869034e+00  -1.8587446e-01   8.3873739e-01  -4.3657642e-01   1.7160636e-01   3.3426064e-03  -1.9858850e-01  -2.4225463e-01  -5.1397023e-02   3.5827876e-03  -1.5452325e-01   2.0990581e-02   2.9952722e-02   8.6890974e-02
   2.3419503e+00  -1.1458174e+00   1.7992774e-01  -9.3036079e-01  -6.2931885e-01   5.7829367e-01   1.1317011e+00  -2.8828959e-01  -2.1903115e-01  -3.7371361e-01   1.0822053e-01   7.5789230e-02  -7.1086106e-02   3.3834581e-02  -5.5279056e-04  -3.3137414e-02
   2.3247748e+00   5.6937228e-01  -1.9015075e+00  -4.2380591e-01   3.4905315e-01  -1.7927110e-01  -3.3163650e-01  -1.6284349e-01  -7.2891820e-02  -3.0740964e-01  -2.6486967e-02  -1.9460403e-01  -2.0700468e-02   7.0670941e-02  -1.9580714e-01  -7.5452597e-02
   2.9860298e+00   4.6182715e-01  -6.1324330e-01  -1.6627901e-01  -1.1477308e-01   1.1738813e-01   2.3373048e-01   1.0602121e-01   7.6359848e-02   6.0789701e-01   6.8755960e-02   1.8157026e-01   1.1091204e-01  -9.7208841e-02   1.0081140e-01   1.7720869e-02
   2.5565343e+00   5.5466997e-01  -1.2730253e+00  -8.0841182e-01   3.2089171e-01   3.5928506e-01  -4.5694465e-01   3.2823427e-01  -9.0286061e-02   3.7058654e-01  -2.2262074e-02   3.7790788e-01  -7.5583153e-02  -8.3033141e-02   1.5292471e-01   6.3986237e-02
   2.7146178e+00   7.1432620e-01   8.8147268e-01   3.0899393e-01   3.9762358e-01   4.9635279e-01  -2.5570937e-01  -3.5896498e-01  -4.7466870e-01   3.4573240e-01  -2.4969973e-01  -4.3759691e-01  -8.0014223e-02   2.6338383e-04   1.3394577e-01   1.5364327e-02
   2.6679452e+00  -3.9345602e-01   1.1761400e-01  -4.5885201e-01  -1.4228062e+00  -5.1056934e-01  -2.0492211e-01   2.4496290e-01  -1.0099329e-01   1.8132321e-02   5.0472803e-02   1.6545091e-02   2.8570692e-01  -1.2200852e-02   1.3471838e-01  -4.1345142e-02
   1.7841963e+00  -1.7503642e+00  -1.5601074e-01  -5.6575354e-01  -1.1794313e+00   5.8459836e-01   1.1591072e+00  -4.5595549e-01  -1.4050155e-01  -2.9793832e-01   3.5915181e-02  -6.5884757e-02  -1.0246204e-01  -4.8373018e-03   1.1441529e-02  -2.0304208e-02
  -1.2435218e+00   2.5799540e+00   2.0126910e-01   1.6590309e-01  -2.9728080e-02   7.6157565e-01  -1.1046795e-01  -3.1378129e-01   4.2508852e-02   4.5674165e-01  -8.3698791e-01   3.0416994e-01   6.0958278e-02   2.0180682e-01  -5.5080816e-02   8.2515417e-03
   2.8257874e+00   9.3533923e-01   7.2260580e-01   4.0325800e-01   1.1861622e-01   5.1393394e-01  -2.0036581e-01  -1.3249430e-01  -4.6889311e-02   2.2062260e-01  -1.2153908e-01  -1.4027416e-01  -9.8165463e-02   6.5470351e-02   4.3039430e-02   2.0702416e-02
   2.7675453e+00   1.0294983e+00  -2.3995451e-01   2.3867920e-01   1.3894967e-01  -3.2017831e-01   1.5900135e-01  -6.4074681e-01  -6.0258566e-01   2.9382100e-01   1.6165329e-01   2.4945472e-01   2.3778356e-01  -1.7878168e-02   6.2946674e-02   1.3535670e-02
   2.9034856e+00   1.5527195e-02  -1.3729799e-01   1.1165019e-01  -7.9016085e-01   3.4569981e-01   5.5402254e-01   4.6066977e-01   4.1633844e-01   2.6413292e-01   4.0660364e-02  -1.5326915e-01   4.4812550e-02   4.1138866e-02  -5.5696400e-02  -8.5512808e-03
   2.3302497e+00   3.0659592e-01  -1.7690346e+00  -3.5196620e-01   9.3377392e-01   1.7428579e-02   3.8928680e-01   7.7765478e-02  -4.4224576e-03  -2.5432891e-01  -7.0031659e-02  -4.1231268e-02  -3.2317547e-01  -1.3546197e-02  -1.3584617e-03   7.4146692e-02
   2.4395269e+00   7.9029125e-01   2.3886212e-01  -1.0599525e+00   1.0791866e+00  -4.7511597e-01   6.3587735e-01   2.4556091e-01  -3.4216168e-01  -2.1612429e-01   1.4876003e-01   1.2104401e-01   3.6711152e-01  -6.3416477e-02   1.9400906e-01  -1.1390429e-01
   2.6836642e+00   1.0498776e+00  -2.2167856e-01   5.4392685e-01   3.6550783e-03   4.2965134e-01  -8.5834254e-01  -3.6918450e-01   2.6311785e-01  -3.6044415e-01   9.0351524e-02  -1.9877020e-01  -5.4284940e-02   8.3030541e-02  -1.7999782e-01  -7.0757206e-02
   9.3964764e-01  -6.9078695e-01   3.6900017e-01   8.2740985e-01   1.1921738e-02  -2.3858696e+00   1.0386811e+00   3.6130432e-01  -2.6657766e-02   9.0042271e-01  -4.9844367e-02  -2.2380436e-01  -1.3900054e-01   1.5457356e-01   9.6792702e-02  -2.4293643e-02
   2.1535457e+00   2.0900178e-01   1.6305292e+00  -9.2459543e-01   1.0817907e+00  -3.0052339e-01  -1.4673116e-01   4.9851688e-01  -5.7258430e-02  -3.6092110e-01   1.0582048e-01   2.1236718e-01  -3.8668392e-02   2.5335400e-01   4.9633254e-02  -8.7322293e-02
   2.6809968e+00  -4.0961213e-01   1.4246732e-01  -1.4708228e-02  -1.1939773e+00  -2.2000239e-02   8.6433682e-01   5.3222789e-01   3.0183367e-01   1.9293258e-01   3.9971774e-02  -1.7934547e-01  -3.6663784e-03   9.5008222e-02  -9.2130025e-03   3.7403875e-03
   2.2682412e+00  -4.5037415e-01   1.0525106e+00  -5.7272098e-01  -4.4319296e-01  -1.4632078e+00  -7.9130015e-01  -2.1533727e-01  -2.2368546e-01  -1.0760445e-01  -2.4011811e-01  -1.1756604e-01   1.2427673e-01  -1.9397489e-01   1.4347226e-01  -4.3271466e-02
   1.5293083e+00  -3.7388345e-01  -2.4506113e+00   4.6699650e-01   7.4653974e-01  -5.7115679e-01  -9.4688187e-02  -3.8025125e-01   3.7717368e-01  -1.1200995e-01  -1.2320637e-01  -2.6531252e-01  -1.2354679e-01   7.3492928e-03   4.9001337e-02   1.4848833e-02
   2.8174257e+00   1.7090933e-01  -7.8312094e-01  -7.0723755e-01   6.2501248e-01  -1.6690061e-01   6.0515618e-01  -3.3607228e-02  -2.6202838e-01   2.7330340e-01   2.2572888e-02  -1.7194265e-03  -3.8087960e-03  -1.3926790e-02  -2.3985494e-02  -1.6168487e-02
   2.9997981e+00   6.0347453e-01   2.0495376e-01   1.9817119e-01   2.7803743e-03  -8.5339953e-02   4.0953238e-01  -1.6085585e-02   3.4486624e-01  -4.2810698e-01   1.3662365e-01   6.7106445e-02   1.6763376e-02  -1.5953695e-01   9.6519372e-03  -1.5768386e-02
   2.8112650e+00   6.3898725e-01   8.8207320e-01   5.1684430e-01   3.7163043e-02  -3.1788044e-01   4.2300813e-02  -2.5544427e-01   8.5481790e-02  -5.7294383e-01   2.7832623e-02   1.2996974e-01  -1.2852102e-01  -3.1833331e-03  -6.3339831e-02   2.8219138e-02
   3.0020080e+00   5.0365979e-01   7.4871621e-01   3.0207698e-02  -2.4150738e-01  -3.7674524e-01  -2.6022926e-02  -5.9789786e-02   3.3836926e-02  -7.8955111e-02   1.4337945e-02   2.0348800e-01   6.8181371e-03  -7.8407850e-02   2.1929578e-03   2.3637422e-02
   2.9520676e+00   4.9005556e-01  -6.4061615e-01  -9.3249703e-02  -4.4835051e-03  -3.9641620e-02   6.8929265e-01  -5.7493464e-02   1.7004574e-03   2.7551149e-01   1.1927771e-01   1.3543758e-02   1.6088741e-01  -2.8203893e-02  -1.0434426e-01  -7.6298479e-03
   2.9940458e+00  -1.6951504e-01  -8.2346852e-02   4.0610286e-01  -6.0785801e-01  -2.2402197e-01   4.9450322e-01  -2.6833517e-01  -1.5499480e-01  -2.5132866e-01   4.4110488e-02  -3.3393393e-03   5.4706179e-02  -1.7307035e-02   7.9067891e-03   5.7798344e-03
   2.9037108e+00   2.3161626e-01   7.9237315e-01   7.7340638e-02  -6.7574295e-01  -6.0922056e-01  -1.2824299e-01   1.5293181e-01   3.8123315e-03   4.7975724e-02   2.5832212e-02   1.9672929e-01   2.2089699e-02   3.8678389e-02   5.8300056e-03   7.3056526e-03
   2.8493329e+00  -2.8747778e-01   2.6140110e-02  -8.2043559e-02  -9.3837225e-01   3.6853973e-02   7.0826200e-01   5.3131896e-01   2.7591484e-01   1.0875672e-01   1.4581659e-01  -2.7518740e-02   1.3283561e-01   3.6088665e-02  -7.3967642e-02  -2.7063326e-02
   2.7388655e+00   1.0390587e+00  -8.6684416e-01  -1.4972978e-01   2.1767185e-01   5.7510696e-01   3.1986711e-01   1.3813863e-01   6.1326441e-02   2.6767340e-01   9.9717917e-02   5.5319050e-02   1.7935756e-01  -2.3929758e-02   1.1115998e-02  -4.8489761e-02
   2.5323260e+00   1.9215725e-01   1.5399732e+00   1.7637029e-01  -8.1811342e-02  -2.5287279e-01  -4.3808186e-01   1.2081747e-01  -8.7714980e-01   8.0328937e-02  -8.3704778e-02   3.9593567e-02  -6.9909975e-03   2.7397184e-01  -9.0975612e-02   3.4857857e-02
  -1.5728384e+00   2.5815040e+00  -4.6640846e-01   2.1445320e-01  -3.5906095e-01  -3.5274467e-01   5.2008659e-01  -1.6512639e-01   7.9907845e-02  -7.3852254e-02  -1.0780431e-01   1.0412595e-02   1.3969870e-01   8.5929414e-02   4.8981477e-02   3.5338910e-02
   2.6811068e+00   6.0758011e-01  -1.0193179e+00  -1.7592087e-01   1.0375221e-01   5.3755850e-01   8.6193605e-01   1.6194914e-01   1.0383314e-01  -6.6013515e-02   2.7094075e-01  -2.4120965e-02   4.4151028e-01  -4.3966979e-02  -6.9973061e-02  -9.7507660e-02
   2.7001847e+00   2.5189565e-01   9.7109867e-01   6.0241699e-02  -2.7388461e-01  -6.2420062e-01  -1.0722149e-02   1.6151991e-01   6.1544104e-01  -6.2248814e-01   1.2528264e-01   5.9694787e-01  -2.6280274e-01  -6.1865053e-02  -3.2513215e-02  -4.7873269e-02
   2.7643343e+00   7.5808840e-01   1.0222685e+00   4.1190139e-02   1.8533447e-02  -6.7041615e-01  -5.3346069e-02  -5.5737629e-02   1.5081191e-01  -4.6004066e-01   1.2263023e-01   2.6816730e-01   1.2927231e-02  -3.8890914e-02  -8.8579165e-02   3.9693534e-03
   2.8224739e+00   1.1020767e+00   3.7557456e-01   1.9884890e-01  -3.0932231e-01   4.8919330e-01  -1.7225898e-01   3.3240562e-01   3.0658943e-01  -4.7511793e-02  -2.5008421e-02   1.0948189e-01  -1.5236524e-01   9.0242740e-02  -9.4913323e-02   3.2830983e-02
   2.8968300e+00   7.8305832e-01   6.2709957e-01   4.3478819e-01   3.4125613e-03  -3.6664591e-01  -7.4875993e-02  -1.5311321e-01  -9.1685213e-03  -5.3489688e-01   7.5580010e-02   2.6241128e-02   7.9217526e-03   4.1453107e-02  -1.0010339e-01   2.7606892e-02
   2.8227683e+00   7.6389006e-01  -9.7236102e-01  -2.1600194e-01   3.8393466e-01   1.5782003e-01   4.3567806e-01   6.0277593e-02   7.6231252e-02   1.2665748e-01   1.4195531e-01   7.0910564e-02   7.9372945e-02  -4.2605192e-02  -3.5232562e-03  -7.3101074e-04
   2.4700745e+00   6.1635188e-01   1.3565439e+00   3.4673792e-01   6.1632806e-01   6.1550567e-01  -1.3204825e-01  -2.8438206e-01  -3.4451423e-01   5.5299840e-01  -1.8751063e-01  -5.1924446e-01   3.2594874e-02   7.5724140e-02   9.5835396e-02   7.4525868e-04
   2.8106797e+00   9.1121382e-01   7.2955023e-01   3.2491835e-01   1.9281304e-01   3.9613296e-01  -5.4578679e-01  -1.8469311e-01  -1.3059241e-01   2.1279874e-01  -8.2135611e-02   5.0333783e-03   7.2986376e-03  -2.7841950e-02   8.2486896e-02   1.0373488e-02
   2.5098991e+00   5.5692059e-01   1.5082841e+00   1.0771916e-01   7.6371799e-01  -1.1756617e-01  -6.6240140e-03  -2.3567392e-01  -4.7853999e-01   2.9344397e-01  -1.4896988e-01  -3.1849931e-01   4.0108931e-02   2.1043195e-03   1.8865238e-02   2.7862611e-02
   3.0065611e+00   5.5685166e-01   2.0642472e-01   1.5549580e-01  -2.8859808e-01  -3.4233199e-01  -3.2580485e-01   4.5909833e-02   1.6729730e-01   2.0947786e-01   1.1899223e-01   2.5319685e-01   2.0977383e-01  -5.8014397e-02   2.1129948e-01  -6.7359169e-02
  -1.7161272e+00  -2.2942714e+00   4.6351643e-01  -7.5638478e-01   5.6405547e-01  -3.2808291e-01  -8.3508659e-02  -4.3416018e-01   5.5587921e-01   3.2513768e-02   9.4980283e-02  -8.0941636e-02   2.1314108e-01   6.8443268e-02  -2.9506358e-02   5.9386103e-02
  -1.9005867e+00   1.5367699e+00  -1.5398439e+00  -6.6236599e-01  -2.5013219e-01  -2.4870355e-01  -4.9379618e-02   3.5113838e-01  -2.2572312e-01  -3.6597455e-01   6.2851845e-01  -3.5250371e-01   2.5740319e-01  -4.4012702e-01  -5.3645793e-02   1.1334771e-02
   2.6839593e+00   6.8004725e-01   1.1168549e+00   1.5841265e-01   6.3870517e-01   6.0653325e-01  -2.5254430e-01  -5.3816393e-02  -1.8802464e-01   3.4044130e-01  -6.8702585e-02  -2.4323237e-01   5.9922914e-02  -3.2526868e-03   4.7022298e-02   9.8343326e-03
   2.7807474e+00  -2.8270224e-01   3.4863402e-01  -5.6121067e-01  -9.5445418e-01  -8.2286320e-01   9.1168463e-02   1.3991061e-01  -3.1795620e-01  -1.1163163e-01   2.4669323e-02   7.8369976e-02   1.0729460e-01   6.3152221e-02   4.2676410e-02  -2.8388590e-03
   2.6720167e+00   6.0695768e-01   1.1963060e+00   2.3383375e-01   7.2837301e-01   6.4071153e-01  -2.0315320e-02   6.1174552e-02   2.6608877e-02   1.7986713e-01  -1.6245091e-02  -2.2543604e-01  -1.6204001e-02   1.0833996e-01  -3.6317644e-03  -4.4902852e-03
   2.6101258e+00   4.7732153e-01   1.4871330e+00   2.0373559e-01   4.8199368e-01   1.2707359e-02   1.9228603e-01  -3.3801661e-01  -4.3273477e-01   1.5680505e-01  -1.1499768e-01  -3.0228363e-01  -9.8912559e-03  -4.5823300e-02   2.4433695e-02   4.8091968e-02
   2.7531127e+00   5.0321882e-01   9.4181885e-01   4.3044209e-01  -3.5782175e-01  -1.1349653e-01  -3.8138052e-01   3.3468269e-02   4.5199268e-01  -7.1615031e-01   1.1242060e-01   2.9305720e-01  -1.0134142e-01  -2.6088478e-02  -1.3295110e-01  -4.4529586e-03
   2.9812955e+00   3.8205013e-01  -7.3084889e-01  -2.4152238e-01  -1.8018706e-01  -2.3252604e-01   4.1892730e-01  -1.0964784e-01  -4.0622001e-02   2.6815741e-01   3.1846866e-02  -3.8995474e-02   4.9416400e-02   6.8097392e-03  -1.3848626e-01   9.3545276e-03
   2.6692710e+00   3.5497984e-01   1.2703812e+00   1.2071426e-01   8.7349440e-01   5.1525093e-01   3.1300412e-02   6.6399765e-02  -5.5931095e-02   2.3498443e-01   3.8918987e-03  -2.5920738e-01   4.2921437e-02   8.3694584e-02   2.2075472e-02  -1.5977241e-02
   2.8497006e+00   9.4118362e-01   5.2040602e-01   7.0964985e-01  -2.4208841e-01  -1.1432099e-01   2.0521041e-01  -2.3795204e-01   1.5376318e-01  -4.3164707e-03   2.9281283e-03   6.9181932e-03   1.0779436e-02   9.5468599e-03   3.3053545e-02   1.1074602e-02
   2.8720150e+00   7.9384577e-01   3.3169831e-01   6.1688412e-01   2.2410439e-03  -1.9771640e-01   2.8096368e-02  -5.9523003e-02   3.9226040e-01  -6.5158744e-01   1.5288740e-01   1.4383742e-01  -5.1212544e-02   5.9048214e-04  -1.2483908e-01   3.7465303e-02
   2.7575538e+00  -4.0037863e-01   2.7554981e-01  -5.0049096e-01  -7.9977080e-01  -1.8222753e-01   4.7883637e-01   8.7150229e-01   3.4180869e-01   3.0434370e-01   6.4180015e-02  -1.6547416e-01   2.1990559e-02   7.6771324e-02   3.1975136e-02  -1.6699515e-02
  -1.0543279e+00   2.6107858e+00   9.3742025e-01   6.3511831e-01  -6.7146016e-01  -1.5892220e-01   1.5788424e-01  -4.3990591e-01  -2.5211636e-02   1.7750023e-01  -1.6263504e-01  -2.6522559e-02  -9.8064282e-02  -1.2585302e-01  -2.1545375e-02  -6.0449130e-03
   2.9474463e+00   7.2079049e-01   1.6770957e-01  -1.8155288e-04   1.9927559e-02   3.0407350e-01  -6.8644842e-01  -7.4113951e-03   2.7340697e-01  -3.5584457e-02   1.5256111e-01   2.8341826e-01   9.1439163e-02  -9.5166290e-02   3.9745214e-02  -3.5620487e-02
   2.9354607e+00  -1.0177319e-01  -2.2239334e-01  -7.4979772e-02  -7.5082153e-01   3.2481416e-01   3.5512520e-01   4.8122188e-01   2.7515475e-01   4.3894669e-01  -1.5522048e-02  -1.5831358e-01   2.9398142e-02   4.1647313e-02  -2.2530323e-02   7.2153362e-03
   2.8385316e+00   6.3543923e-01   8.1532282e-01  -1.6083434e-01  -1.5078686e-01  -6.1938055e-01  -3.4727191e-01   1.0933139e-01   9.5156884e-02  -3.8961514e-01   2.9713754e-02   3.9044350e-01  -8.6623198e-02  -4.3586909e-02  -2.0592916e-02   1.1714224e-02
   1.9527420e+00   8.3390220e-02   2.0625895e+00  -7.8268983e-01   7.0189782e-01   6.8166656e-01   7.5164054e-02   1.1241588e-01  -5.3860208e-01   7.0004475e-02   4.3252214e-02  -1.6468091e-01   4.9645828e-02  -1.2066043e-01  -1.5470756e-02   1.6476840e-02
   2.6669207e+00   5.2042269e-01  -1.4499455e+00  -2.6263414e-01   5.3012712e-01   1.7610737e-01   1.9244613e-01  -9.6016957e-02  -2.6138738e-01  -1.3537020e-01  -5.4675342e-02  -1.1686923e-01   3.4304272e-02  -6.6405140e-02  -1.4407984e-02  -1.4430947e-02
   2.7540648e+00   1.0959083e+00  -9.7008452e-01   2.2929449e-02   2.5544897e-01   2.8918735e-01   1.1188439e-01  -7.5844111e-02   7.9852131e-02   3.0675315e-01   3.2548844e-02   4.6671680e-02   4.5087129e-02   1.1667482e-02   5.9632290e-03  -1.5159785e-02
   2.7966293e+00   9.1136324e-01   8.8955625e-01   5.8879936e-01   5.7309994e-02   1.2585079e-01   7.2361054e-02  -1.2012051e-01   2.5652556e-01  -2.2725171e-01   4.5033927e-02   7.8217693e-02  -1.0633211e-01  -2.7705573e-02  -8.4292976e-02   4.2918869e-02
   2.3714638e+00   2.8326705e-01   1.4398882e+00  -2.7719112e-01  -3.6736005e-01  -2.9789566e-01  -1.0448250e+00  -4.0424118e-01  -6.6793650e-01  -1.3386743e-01  -2.7690792e-03   1.3671724e-01   2.8178784e-01  -3.1458079e-01  -6.3147137e-02  -3.0535839e-02
   3.0317205e+00   1.1318402e-01   4.9142679e-01   2.4174387e-01   8.7176417e-02   2.2020214e-01  -2.1577408e-01  -1.6410198e-01   4.4764190e-01  -3.4161996e-01  -2.5929207e-02   1.7726306e-01  -1.6207772e-01  -1.4143830e-01  -4.1099618e-02   1.7134055e-02
   3.0041354e+00   5.0486054e-01  -5.5828923e-01  -1.4259168e-01  -6.3305478e-03  -2.8534343e-02   4.8001290e-01  -1.6432690e-01   6.6017556e-02   2.3494779e-01   1.2484957e-01   1.1388157e-01   1.4238574e-01  -4.6880225e-02  -7.2643892e-02  -2.6156294e-02
  -1.3650006e+00   2.5030579e+00  -8.8714438e-01   8.3157860e-02  -6.4651498e-01  -1.6277106e-02  -4.2671555e-01  -1.4559215e-01  -1.4949886e-01   1.7398117e-01   5.9780617e-01  -1.2099408e-01  -1.9975083e-01   4.8633383e-02   4.1242961e-02  -3.5770756e-02
   2.7769607e+00   8.5596972e-01  -9.1041559e-01  -5.0993858e-02   5.0226248e-01   9.8646263e-02   4.0173061e-01  -1.6295864e-01   7.0608258e-02   4.4488169e-01  -4.2636489e-02  -7.1161410e-02   1.0201274e-01  -2.9428672e-03   6.2393814e-02  -4.0569775e-03
   2.9173135e+00   8.4155300e-01   5.9013000e-01   3.2074719e-01  -1.7297993e-01   3.3539050e-01  -3.3370672e-01  -5.1727365e-02   5.3680365e-02   2.9228807e-01  -6.7993314e-02   1.0476609e-02   9.7476509e-03  -2.2090937e-02   5.2249644e-02   1.7575102e-03
   2.5136916e+00   4.7839975e-01   1.6434847e+00  -5.6776289e-02   4.9578217e-01   4.4219649e-02   2.6106491e-01  -3.4768707e-01  -5.2744956e-01   2.0705296e-01  -1.5751043e-02  -2.4080086e-01   1.0559862e-01  -7.6525137e-02   2.5211036e-03   5.5290578e-02
   2.7344793e+00  -3.8612291e-01  -1.6834152e-01  -4.0993683e-01  -1.2119181e+00   1.2020044e-01  -3.4863492e-01   6.0032068e-01  -7.0071611e-02   4.2738928e-01  -6.8541565e-02  -8.4929701e-02   9.6934973e-02   5.8642122e-02   4.7558484e-02   1.3386258e-02
   2.9276522e+00   2.3576893e-01   6.0132586e-01   1.0264163e-01  -6.1279199e-01  -6.3366196e-01   2.5157169e-01   2.7247193e-01   2.1484487e-01  -1.8383621e-02   7.9513951e-02   1.9659728e-01  -3.7994551e-02   9.0213502e-02  -1.0812954e-02  -6.8069141e-03
   2.6165386e+00   6.8060098e-01   1.3077144e+00   4.6892882e-01   4.1896027e-01   2.1384021e-01  -6.0617033e-02  -3.7088148e-01  -4.2467223e-01   1.1441880e-01  -1.8990950e-01  -2.9500171e-01  -8.4485168e-02   6.4664459e-03   2.9225493e-02   5.9075799e-02
   2.9977155e+00   3.2449287e-01  -5.8000785e-01   8.5194667e-02   3.4437840e-02   1.2298580e-01   6.5754213e-01  -6.3137460e-02   1.9091101e-01   3.2866233e-01   9.7575843e-02  -4.6484162e-02   1.6482777e-01  -1.1435597e-02  -5.0361671e-02  -3.1795416e-02
   2.7921920e+00   7.7494563e-01   5.6759132e-01   7.4735178e-01   1.7977306e-01  -2.0096158e-01  -1.5424483e-01  -1.7992646e-01   2.3417390e-01  -7.1875405e-01   3.3113847e-02   1.5879396e-01  -1.0151683e-01  -3.5137087e-02  -1.1681149e-01   5.5332961e-02
   2.5587104e+00   5.7307323e-01   1.2937306e+00   2.0641632e-01   7.7975521e-01   7.9400898e-01   1.1690279e-01  -8.7158541e-02  -2.5246152e-01   5.3208292e-02  -1.7535272e-02  -3.3895191e-01   3.7823633e-02  -2.7900026e-03  -3.8486490e-02   2.8875992e-02
   2.9068030e+00   4.4020593e-01  -8.2677201e-01   2.4499652e-02   2.6943303e-02   1.8430376e-01   5.7875119e-01  -3.3684689e-02   2.4532758e-01   4.6812620e-01   9.5532140e-02   2.3529402e-02   9.9867277e-02  -4.3321611e-02  -7.6197569e-02  -3.7668367e-03
   2.1404416e+00   4.2862377e-01  -2.1019565e+00  -2.6416103e-01   6.7814396e-01  -8.6371279e-02   2.3752534e-01  -1.2508544e-01  -2.0723560e-01  -3.1889623e-01  -1.1475387e-01  -1.8128945e-01  -3.5144172e-02  -4.2461551e-02   8.1798174e-03   1.8662753e-03
   2.2929210e+00   3.0035659e-01   1.5786860e+00  -6.3696770e-01   6.6552645e-01   7.1884659e-01   4.6208481e-01  -1.9512875e-01  -5.9321773e-01   1.4433373e-01  -2.3723880e-02  -3.0964355e-01   1.0334061e-01  -2.5696562e-01  -5.7496670e-03   5.9560660e-02
   2.7883540e+00  -2.0697153e-01  -1.2287252e-02  -5.1201632e-02  -9.5055851e-01   6.9094423e-02   9.2309691e-01   3.7101858e-01   2.5769375e-01   4.3958688e-01   7.1445160e-02  -7.2110158e-02   4.2065660e-02   2.3196716e-02  -8.4807988e-02   2.7246516e-02
   2.6652171e+00   4.8542622e-01  -8.5255673e-01  -8.2023973e-01   1.9513279e-01  -9.3256341e-01   1.3676081e-01   1.5329584e-01  -5.2371521e-01   4.6880384e-02  -4.6179806e-02   1.5130758e-01  -2.0222714e-02   1.8144071e-02   8.2469962e-02   2.1487634e-02
   2.3676107e+00   3.6371349e-01   1.6961355e+00  -2.9635748e-02   9.1244265e-01   3.7135144e-02   3.4352749e-01  -2.1563505e-01  -3.3499687e-01   2.9640574e-01  -1.2976566e-01  -4.3327338e-01  -3.4525133e-02  -7.2726458e-02   8.1832684e-02   1.2841187e-02
   2.9656054e+00   6.0916822e-01   7.1591013e-01   3.6669161e-01  -2.7759546e-01   1.1194942e-01  -2.5972590e-01   2.7057583e-02   2.1416951e-01  -9.2835384e-02  -3.5740042e-02   4.9132109e-02  -9.9952085e-02   6.8112454e-03   5.9712122e-04   1.8193522e-02
   2.9167054e+00   4.9201293e-01   8.3579474e-01   3.6743325e-01  -1.9905161e-01  -3.2532219e-01  -1.4787689e-01  -2.9680837e-02   1.6186981e-01  -4.2175687e-01   4.3752965e-02   1.8260182e-01  -9.0240900e-02   3.4407297e-02  -3.9817086e-02   1.9803935e-02
   2.3856986e+00   5.5504540e-01   1.5662944e+00   2.1914856e-01   1.0325186e+00   5.2014454e-01   3.3859734e-02  -2.0174464e-02  -1.1023853e-01   2.3967394e-01  -1.8528961e-02  -2.9210835e-01   1.6464443e-02   5.2589722e-02   2.4672458e-02   5.3935992e-03
   3.0030034e+00   7.4000272e-01   1.2185447e-01   2.3871645e-01  -2.2686945e-01   1.2957227e-01  -4.1452366e-01   9.2793137e-02   2.3619671e-01   1.6185261e-01   2.1753579e-02   1.5766129e-01   9.5123271e-02  -2.2497179e-02   9.9066125e-02  -3.4949574e-02
   2.7853633e+00   7.7338313e-01   9.2076535e-01   5.1569110e-01  -2.8837068e-02  -1.7480080e-01  -3.0024279e-01  -1.3755104e-01   9.8751304e-02  -5.9710618e-01  -2.2946461e-02   1.3790876e-01  -1.3749872e-01  -1.9803234e-02  -1.2359773e-01   7.7816832e-02
   2.9569490e+00   7.3494023e-01   4.1880902e-01   4.5231482e-01  -2.0478935e-01   1.7608774e-01  -1.6624055e-01   6.9687267e-02   3.7327489e-01  -2.7433659e-01   6.0811656e-02   6.8558140e-02  -5.5792729e-02   2.8720338e-02  -8.7650837e-02   1.8453355e-02
  -8.2913780e-01  -1.3278080e+00  -4.6763043e-01   2.4349231e+00   3.8909825e-01   6.4145916e-02   1.2924975e-01   3.9214492e-01  -9.4970758e-01  -1.4908082e-01   2.2643917e-02   3.8448985e-01   5.7408616e-03  -2.3017335e-02   2.9350284e-02  -3.6461228e-02
   2.9575091e+00   5.8629975e-01   7.3102986e-01   1.4281582e-01  -2.4046411e-01   1.6791481e-01  -4.7517656e-01  -6.1839156e-03   1.6843022e-01   6.8600076e-02  -3.9156564e-02   1.3394341e-01  -2.6860375e-03  -6.7912159e-02   3.3796803e-02  -1.4429365e-02
   2.9908998e+00   5.3637148e-01  -1.1022298e-01   2.2743719e-01  -3.4716362e-01   3.1187532e-01   2.9265691e-02   1.8394067e-01   5.6223115e-01   2.4291357e-01   1.1760047e-01   1.9707002e-01   1.0362801e-01  -9.3801785e-02   4.7759887e-02  -3.4824851e-02
   1.9313043e+00   1.2652837e-02   1.7916422e+00  -9.5011558e-01   1.1700117e+00  -3.3447615e-01  -1.7660742e-01   6.1405083e-01  -3.1412526e-02  -3.5108046e-01   7.8977950e-02   1.8845399e-01  -5.4973223e-02   2.8563317e-01   7.1806287e-02  -1.0207491e-01
   2.8755719e+00   8.2494584e-01  -7.0023734e-01  -5.1828861e-02   3.0754421e-01   2.4839236e-01   3.1976574e-01  -1.2283290e-02   9.3364929e-02   5.6490302e-01  -2.9679313e-02   7.4969684e-02   2.2981204e-02  -2.4007339e-02   5.8910289e-02  -3.4436925e-03
   2.8444001e+00   1.4414014e-02   4.9770525e-01  -6.4854165e-01  -3.5669326e-01  -6.1661052e-01   5.9668766e-01   5.0254458e-01   1.2935366e-01   1.8796951e-01   1.6461593e-01   2.3072003e-02   1.9783658e-01   2.1804888e-02  -2.7060346e-02  -3.8784230e-02
   3.7658867e-01   7.6829871e-01  -2.5279079e-02  -2.0929182e-02   9.6792865e-01   6.5528541e-01  -3.8639447e-01  -1.3756089e+00   8.4063665e-01   1.9098144e+00   1.3909351e-01   1.1761255e+00  -1.9569376e-01  -1.5470517e-01  -8.5710339e-02  -1.7935741e-01
   2.9806618e+00   4.8892203e-01   3.6586588e-01   5.7843747e-01   1.0195789e-01   8.0035922e-03  -3.1625063e-01  -2.1240420e-01   5.9467597e-02  -4.9043280e-01   1.9173105e-02  -1.5919325e-01   3.3479888e-03   8.5881128e-02  -4.1760223e-02  -1.4577725e-02
   2.8664624e+00   6.7489966e-01   8.0933114e-01   3.9905577e-01  -2.2922091e-01  -4.6978011e-01   2.6540969e-01  -8.8453068e-02   9.4906329e-02  -4.0358696e-01   1.0949006e-01   1.3055042e-01   2.6431166e-02  -3.3780687e-02  -6.8579144e-02   3.0059175e-02
   2.9265440e+00   1.0558519e-01   5.4620606e-01  -4.1591124e-01  -6.8270346e-01  -6.4373918e-01  -3.5147999e-02   2.0167087e-01  -1.6265531e-01   2.3769312e-02   7.9310724e-03   9.8055875e-02   1.0841183e-02   9.7495287e-02  -9.1925988e-03   7.2424467e-03
   2.5968354e+00   6.4596479e-01   1.3200592e+00   2.5462774e-01   5.8784234e-01   6.1912615e-01  -9.5712390e-02  -1.9573969e-01  -2.7147041e-01   3.6100732e-01  -1.3330570e-01  -3.2721705e-01   1.4617788e-03  -1.4420027e-02   4.1955474e-02   2.4680559e-02
   1.1336512e+00  -6.5162878e-01  -1.9754140e+00  -5.6119710e-01   8.2099006e-01  -1.3360269e+00  -3.7355566e-01   1.0654396e+00   6.3360398e-02   4.8311882e-01   5.2865095e-02  -3.8514127e-02   2.0104048e-01  -9.1571191e-02  -1.0888780e-02   2.2263043e-01
   2.5061155e+00   5.2813018e-01  -1.4863583e+00  -7.9690153e-01   4.3877954e-01   2.3556474e-01  -5.4111941e-01   1.8929161e-01  -3.3220708e-02   2.5363428e-02  -4.5861333e-02   1.5290257e-01  -7.3548083e-02  -6.9655487e-02  -1.2097856e-02   1.7219746e-02
   2.6978761e+00   4.7734964e-01   1.0183440e+00   3.9741172e-01  -4.6364490e-02  -4.0067930e-01   2.6278422e-02  -7.0096106e-03   4.9717386e-01  -7.4354933e-01   8.7877056e-02   4.4128150e-01  -2.7568082e-01  -5.5709092e-02  -6.9745186e-02  -1.8787817e-03
   2.3563963e+00   2.4454645e-01   1.7191651e+00  -5.3145747e-01   9.9002427e-01   1.1496747e-01   2.7363764e-01   9.4745778e-02  -2.0584255e-01   1.1566566e-01   6.3850279e-02  -1.6856803e-01   2.9093144e-02  -1.3430194e-03   6.1436338e-02  -1.6807546e-02
   2.5209304e+00   4.7134268e-01   1.4087314e+00  -3.0257911e-01   3.6886924e-01  -8.5993220e-01  -2.4147261e-01  -1.6514998e-01  -3.8558279e-01  -3.9599679e-01  -1.7271168e-01   6.9264637e-02  -1.1623562e-01  -1.3215092e-01  -2.0779685e-02   6.1597692e-02
   2.9260597e+00   7.0058022e-01   5.3180965e-01   5.9519728e-01   7.0913736e-02   2.0963227e-01  -2.6621237e-01   3.8805353e-02   3.8069430e-01  -2.2497352e-01   9.0495544e-02   5.2657089e-02   3.0583616e-02   8.9268541e-03   5.0884244e-03  -4.1746722e-03
   2.5605083e+00   6.7572447e-01  -1.4312446e+00  -1.3363526e-01   6.3613692e-01   3.9883692e-01   4.9871584e-01   2.0272871e-01   5.5830631e-02  -4.3201995e-02   4.4647276e-02   8.9379886e-02  -1.8487707e-01  -7.4092097e-02   1.1012135e-02   1.3903341e-01
   2.5762575e+00   9.7915598e-01  -1.3048683e+00   9.3286113e-02   2.9089052e-02  -1.8892474e-01  -1.8481137e-01   1.0438321e-01  -3.2211565e-01  -5.0511732e-01  -1.6884096e-01  -3.0117637e-01  -2.3442997e-01  -4.1671324e-02  -2.1177743e-01   1.3968705e-01
   2.8500055e+00   8.4197877e-01  -7.9081094e-01  -2.3674853e-01   1.3915054e-01   4.5842740e-01   2.2279067e-01  -1.0181964e-03   1.4361012e-02   3.8301806e-01   4.5444022e-02   2.5831216e-02   1.2872986e-01  -8.0366216e-02   4.0092524e-02  -2.2159566e-02
   2.8043354e+00   3.6327674e-01  -1.0236289e+00  -6.5266523e-01   1.0340762e-01   2.6163293e-01  -1.2816327e-01   1.5735106e-01  -1.0590394e-01   4.6055911e-01   1.4379879e-02   3.7508484e-01  -5.8186378e-02  -9.0940657e-02   1.4044151e-01   8.4420394e-02
   2.9673099e+00   1.0112791e-01  -1.4652836e-01  -3.1839831e-01  -3.3619242e-01  -4.2778819e-01   6.5264923e-01   4.6625279e-01   2.1098526e-01   2.2213268e-01   1.1861005e-01  -4.6263137e-02   1.1759935e-01   5.5023321e-02  -4.3882907e-02  -3.1460919e-02
  -1.2616523e+00   2.3515881e+00   1.3626859e+00  -2.6993940e-01   3.1136813e-01  -5.5972263e-01   5.4262377e-01  -2.8524942e-02   9.7634679e-02  -2.1588707e-01  -2.2319310e-01  -2.4106341e-01  -2.1441397e-01  -1.6610028e-01   7.8213283e-02  -4.5650241e-02
   2.3097312e+00   2.4996362e-01   1.7422218e+00  -6.1957789e-01   6.8686277e-01   3.9856514e-01   2.5708141e-01  -4.3799400e-03  -5.9469913e-01   1.6673136e-01   8.7318933e-02  -2.4732514e-01   1.4828818e-01  -1.3560445e-01  -5.0950445e-02   4.5136983e-02
   2.4309253e+00   5.5919817e-01   1.7263786e+00  -1.9814307e-01   6.3781634e-01  -3.4562957e-01  -3.6275212e-01   8.8026899e-02  -2.7088949e-01   3.0025426e-02  -9.0167713e-02  -1.2764740e-01   4.2842264e-02   8.7926065e-02  -2.6197411e-02  -8.0479851e-03
   2.8876977e+00   7.9346046e-01  -8.1871494e-01  -1.9111768e-01   2.1114108e-01  -7.7802136e-02   3.5028563e-01  -1.4439661e-01   2.1340993e-02   1.5667804e-01   1.3246370e-01   2.1395081e-01   7.6609392e-02  -7.2436195e-02  -3.3040091e-02   1.4812407e-02
   2.9065722e+00   8.3733247e-01   4.8344247e-01   4.7347184e-01   5.1193457e-02   2.2491834e-01  -5.1897444e-01  -1.5130033e-01   3.8725689e-02  -2.2573916e-02  -4.8182653e-03  -1.4040287e-01   5.6793316e-02   7.2796286e-02   1.2283048e-02  -4.0377821e-02
   2.8666668e+00  -2.1458222e-01   2.7532119e-01  -6.0831832e-01  -8.5240866e-01  -6.3555760e-01   2.3872682e-02   2.9337087e-01  -2.5714241e-01   7.7265359e-02   1.3519246e-02   8.9205033e-02   7.0453361e-02   5.1672976e-02   4.3129711e-03   1.3182045e-02
   2.8643404e+00   7.8921807e-01  -9.0271971e-01  -8.3363630e-02   3.7806342e-01   2.2722821e-01   3.1746777e-01  -3.5535975e-02   1.3056604e-02   2.5121785e-01   3.6363431e-02   4.3259297e-02   2.3431776e-02  -2.0469067e-02   1.5058046e-02   2.1423025e-02
   2.5667289e+00   2.7036974e-01  -1.4367853e+00  -9.1863518e-01   5.5979394e-01  -8.5474762e-02  -9.3833393e-03   1.9289233e-01  -9.5081339e-02  -1.2038521e-01  -6.3754949e-03   4.8464253e-03  -5.0474472e-02   4.3032054e-02  -6.5876410e-02  -4.8751586e-02
   2.6488276e+00   7.7299151e-01   1.2424706e+00  -1.1665417e-01   4.7219236e-01   4.4192564e-01  -2.2926388e-01  -1.6738771e-01  -3.9067866e-01   4.1392405e-01  -8.7580282e-02  -2.5655240e-01   1.0428594e-01  -8.3229868e-02   1.9663906e-02   1.9856643e-02
   2.5162356e+00   8.3570074e-01   1.3002146e+00   7.6010754e-02   5.8441782e-01   7.7112026e-01   9.0589614e-02  -1.5700212e-01  -3.6950216e-01   3.2455438e-01  -1.2241632e-01  -3.6129185e-01   1.9208934e-02  -2.3694469e-02   3.9379171e-03   4.0915982e-02
   2.6936472e+00   3.7086365e-01   1.1121507e+00  -4.1641677e-01  -5.6309763e-02  -7.2783363e-01  -3.0747580e-02   4.2363043e-01   5.5326009e-01  -1.7600145e-01   9.2496650e-02   3.7742792e-01  -8.6858980e-02   4.0729156e-02   9.3561147e-02  -7.9676185e-02
   2.8095055e+00  -6.2714693e-02   1.9158562e-01  -6.0231265e-02  -1.2245287e+00  -4.1923627e-01  -5.3837259e-01   1.8514361e-01  -1.0890995e-02   1.0755643e-01  -5.6279947e-02   1.8539277e-01  -2.6189572e-03  -1.5661266e-02   1.1490253e-01   6.5322326e-03
   2.8084637e+00   9.4990373e-01  -8.3731372e-01  -3.6541707e-02   2.4989316e-01   3.4018876e-01   3.7332457e-01  -3.2640673e-02   1.7289847e-01   2.6675470e-01   5.8824375e-02   7.8412533e-02   4.9103284e-02  -3.5902667e-03   1.3198029e-03  -3.9992553e-03
   2.5425622e+00  -4.9085455e-01  -2.2105102e-01  -4.4459079e-01  -1.0856878e+00   7.2845507e-01   6.8722562e-01   7.3990190e-01   5.3075835e-01  -1.0366776e-01   8.3802225e-02  -2.8583373e-02  -8.8335477e-02   1.0764853e-01   1.9284607e-02  -5.7061652e-03
   2.7083276e+00   6.4492342e-01  -1.0095110e+00  -8.0063044e-01   2.4659556e-01  -1.1809559e-01  -8.8857711e-02   1.8672517e-01  -1.4002803e-01  -3.1761559e-02   2.0363072e-01  -3.4161607e-01   3.1754377e-01   9.4558741e-02  -3.6294572e-01  -2.0725808e-01
   2.6419261e+00   1.2536329e+00  -9.8083270e-01   7.6930321e-03   2.6155787e-01   4.6959407e-01  -1.5488742e-01  -1.9676586e-01   6.4890255e-02   2.6960542e-01  -4.4573534e-02   8.9759211e-02   1.8100500e-03  -3.0800204e-02   3.4243290e-02  -3.2069862e-03
   2.6061048e+00   4.9748335e-01  -1.2935222e+00  -9.3031106e-01   3.1275496e-01   2.3186903e-01  -8.4120247e-02   3.6127966e-01  -1.4495689e-01   2.6234484e-01   2.3589787e-02   1.5090090e-01  -6.0763837e-02  -1.1970482e-02   5.7898090e-03   3.2264565e-02
   2.9572957e+00  -7.2111068e-02  -1.5066865e-01  -2.5856077e-01  -8.2463477e-01   2.0822307e-01   4.3331060e-01   3.7550397e-01   6.7865596e-02   3.3373084e-01  -5.6761214e-03  -3.8993317e-02   2.8084475e-02   3.3004358e-02   1.3290350e-04   1.1872881e-02
   2.8820750e+00   3.9725669e-01  -1.0886575e+00  -2.9372748e-01   2.2494943e-01   3.0371583e-01   1.8507603e-02  -1.5163398e-01  -1.8921921e-02   3.2479422e-01  -2.4192720e-02   1.0199115e-01  -2.7353143e-02  -2.5469493e-02   3.1329165e-02  -2.1714907e-02
   2.3503511e+00   2.8266899e-01  -1.4285370e+00  -1.1441390e+00   6.0314363e-01  -4.2476117e-01   3.0183743e-01   5.3552269e-01  -2.5300275e-01  -4.8289458e-02   3.3057543e-03   1.2928225e-01  -1.6336722e-01  -1.2943491e-02  -2.0393955e-02   1.1214790e-01
   1.9678338e-01  -1.3137635e+00   7.3746106e-01   7.1479032e-01  -1.4181152e+00  -1.0045746e+00   1.3242706e+00  -7.3596793e-01  -1.6319269e-01   1.1258528e+00  -2.0504475e-01   1.1762492e-01  -6.2160126e-01  -3.2162390e-02  -3.5555573e-01   3.3463208e-02
   2.4551444e+00   1.3666820e-01   1.4681980e+00  -6.3106607e-01   2.4489507e-01  -9.8012954e-01  -2.7329736e-01  -2.8630455e-01  -1.0437188e-01   1.2393082e-01  -2.7005095e-01   7.8513746e-02  -1.2511026e-01  -1.7019977e-01   2.5117336e-01  -4.5732834e-03
  -1.5630230e+00   2.3843885e+00  -5.3961359e-01  -9.4088973e-01   9.7826626e-02  -6.5964409e-01   3.2196857e-01   1.2474645e-01  -1.6958548e-01  -2.3755253e-01   5.4386898e-02  -1.2146393e-01  -1.3510530e-01  -8.7386710e-02   6.4882140e-03  -2.1092229e-02
   2.9079531e+00   5.3244167e-01   7.5330451e-01   2.0020191e-01  -3.1675515e-01  -7.9627361e-02  -7.1483133e-01  -1.0010576e-02   4.8406461e-02  -9.4391714e-02   1.4405419e-02   2.1840137e-01   3.0766542e-02  -4.9507360e-02   9.2643221e-03  -1.1880844e-02
   2.1357995e+00   8.2435756e-01  -1.3073556e+00   1.3747873e+00   1.5100570e-01  -3.0032252e-01   5.5713779e-01  -6.4550269e-01   1.2984804e-01   1.4389373e-01   1.8597363e-01   9.9447612e-02   4.5183367e-01   1.6845366e-01  -3.7234053e-02  -4.8172784e-02
  -1.0486624e+00  -7.5323489e-01  -1.0406119e+00   2.3769027e+00   6.8230819e-01  -1.7718131e-02   4.8934331e-01   3.4468800e-01  -8.0260190e-01  -1.8039616e-01   7.7787990e-02   2.7341853e-01   1.1571533e-01  -5.6980049e-02   4.2062156e-02  -1.3032837e-02
   2.4945416e+00  -2.4410607e-02  -1.5205469e+00  -7.8510598e-01   6.4572426e-01   3.1829746e-01   4.5017203e-01  -3.8594886e-02  -2.7900176e-02  -2.6782432e-01   7.0204200e-02  -5.7572911e-02  -1.5212107e-01   5.8935086e-02  -1.1328726e-01  -5.7732376e-02
  -1.3946528e+00   1.7902138e+00  -1.3201179e-01  -6.9362914e-01  -1.6591696e+00   4.0633181e-01  -9.9202560e-01   4.6203272e-01  -2.4984049e-01   2.7321658e-01  -2.7691619e-01   3.6753831e-02   7.8106956e-02   1.0523840e-01  -5.5195856e-02   7.2799545e-03
   2.1489328e+00  -1.1152418e+00  -3.1221396e-02   7.8286198e-01  -1.5077067e+00  -1.5553866e-02   4.0659645e-01  -8.5174046e-01  -5.3171134e-01  -2.4961816e-01  -8.4378780e-02   5.4853570e-02  -2.6339889e-02   4.6305625e-02   4.8464046e-02  -2.2462207e-02
  -1.6152300e+00   2.1769540e+00   8.5106914e-01  -5.9940061e-01  -1.2668194e-01  -3.4009924e-01   3.0353738e-01   7.8690051e-01  -2.9282569e-01  -3.2005224e-01  -7.1945728e-01   9.9459334e-02   9.1941050e-02  -5.0229018e-03   5.5957685e-03  -2.3497180e-02
   2.3029919e+00  -9.9191432e-01   2.5875576e-01   5.4584673e-01  -1.4982377e+00   4.8416566e-02   2.4523334e-01  -7.8867896e-01  -5.8174434e-01  -2.1883626e-01  -4.0861270e-02   1.5832535e-01  -5.3934543e-02   4.6629996e-02   1.0360470e-02  -3.6565732e-02
  -1.6309917e+00   2.3286639e+00  -1.4895400e-01  -8.3682300e-01   4.6170275e-01  -6.7970798e-01   6.5147582e-01   8.9055630e-02   4.8518048e-02  -1.6627505e-01  -1.4931157e-01   2.1776441e-03  -1.5848965e-01   4.0162844e-02   7.3766674e-02  -3.1008869e-02
  -1.6979712e+00   2.0663346e+00   5.5509027e-01  -1.2781467e-01  -1.9460865e-01   8.3032934e-01   4.5954150e-01   1.1053434e+00   4.5186599e-01  -2.8516948e-01  -1.6858007e-01  -2.0791187e-01  -5.3735224e-02  -3.7400220e-02  -1.6400403e-02  -1.2056125e-02
   1.6898696e+00  -5.6125977e-01  -2.2686743e+00   4.1745221e-01   4.1223729e-01  -1.0251737e+00   2.3871912e-01  -2.0110173e-01   1.6288035e-01  -2.0036558e-02  -1.9855495e-01  -2.8330578e-01  -1.6200977e-01   1.0652700e-01   7.7015739e-02  -1.7919306e-02
  -1.6003230e+00   2.1472436e+00   3.1209803e-02  -5.6349071e-03  -3.1280677e-01  -6.2114931e-01   1.0900662e+00  -7.4424859e-02  -6.4762380e-02  -1.0267007e-01   9.7261999e-01   1.0484205e-01   3.3099973e-01   1.8987380e-01   4.5481541e-02   1.6955431e-01
  -7.8972978e-01  -1.1106874e+00  -9.0177219e-01   2.3670352e+00   4.6424716e-01   6.7868625e-01   3.2620885e-01   8.1894469e-01  -4.6301532e-01  -1.5020578e-01   7.4159341e-02   1.6365245e-01  -2.3069510e-02  -5.6050996e-02  -2.9942716e-02  -8.0440104e-03
  -1.9817717e+00  -2.0193060e+00   3.9305743e-01  -6.2402887e-01   4.7793854e-01  -2.0147169e-01  -9.8187901e-02  -8.2085866e-01   6.4708735e-01   9.0931950e-02   1.3359544e-01  -2.1692818e-02   1.9958598e-01   4.6422558e-02  -6.4378404e-02   7.9579962e-02
  -1.1313398e+00   2.6999083e+00   8.4196544e-01   5.9083602e-01  -3.9707628e-01   1.6238171e-01   2.1249278e-01  -2.7272365e-01   1.6999496e-01   1.2426571e-01  -7.6331405e-02  -1.3085299e-01  -6.5893299e-02  -6.5572541e-02  -8.2922971e-04   1.9422430e-02
   2.4037778e+00  -1.7471915e-01  -3.7141989e-01  -3.8627013e-01  -1.5037046e+00  -4.8877240e-01  -8.0748147e-01   6.5129112e-01   5.5117482e-02   4.7623365e-01  -1.2079198e-02  -9.2498205e-02   2.7802277e-01  -8.6337803e-02   7.8812777e-02  -2.5812185e-02
  -1.6284623e+00   2.1399883e+00  -4.3681334e-01  -1.3842666e-01  -7.6585358e-01  -1.1360577e+00   3.6691858e-01  -4.1932449e-01  -3.1354896e-01  -4.1577525e-01  -2.2153675e-01   1.9587888e-03   1.7753305e-01   4.4472156e-02   1.0648531e-01   5.9688327e-02
   2.5424224e+00  -6.9597127e-01  -2.2233082e-01   6.9570639e-01  -1.1413988e+00   5.9180994e-02   4.2552654e-01  -7.0990811e-01  -5.6284714e-01  -4.3015915e-01  -5.1838802e-04   9.0722661e-03   6.4657709e-02   1.3662996e-01   4.9842665e-02   2.3281826e-02
  -1.1468790e+00   2.5982715e+00  -8.0892289e-01  -8.5805173e-02  -1.5338788e-01   5.0454137e-01   2.1157145e-01  -2.5156012e-01   9.7205909e-02   1.5022379e-01  -7.8418358e-01   3.2744101e-01   2.5644027e-01   2.3226384e-01  -5.1397774e-02   3.2355451e-02
  -1.5479120e+00   1.8333558e+00   9.0660352e-02  -6.2227325e-02  -6.3377520e-01   1.1741459e+00   1.3064746e-02   1.3095959e+00   6.8382209e-01  -1.9867615e-01   1.5082225e-01  -4.0903075e-01  -7.2403051e-02  -1.7195691e-01  -3.2178207e-02  -3.6501671e-02
   1.8702458e+00  -1.6126289e+00   1.3687557e-01  -1.3155008e+00  -1.1227855e+00   2.2080829e-01   8.5629560e-01  -1.3035056e-01  -9.6802781e-02  -2.4854445e-01   7.7881874e-02   2.9163885e-02  -6.0033793e-02   1.2618671e-02   9.9844632e-02  -3.0840415e-02
  -1.2228057e+00   2.5651472e+00   9.7133492e-01   6.3918344e-01  -6.1917510e-01   1.1568634e-01   2.3094927e-02  -1.1271659e-01   3.1789343e-01   5.1795104e-02  -9.2681111e-02  -1.2499138e-01  -1.2103155e-01  -1.2384773e-01   3.2606078e-03  -9.4722162e-03
   2.5193752e+00   5.1357087e-01  -1.5099317e+00  -6.3025697e-02   5.8201223e-01  -6.4642539e-01   2.8712819e-01  -9.3500471e-02  -2.9051120e-01  -3.1925727e-01  -1.0357822e-01  -1.0779742e-01  -1.2967136e-01  -2.3281152e-02   1.3520754e-02   8.1767649e-02
  -1.6504205e+00  -2.1299558e+00   2.0124652e-01  -1.1648214e+00   6.3070112e-01  -6.7510550e-02  -3.7577834e-01  -5.0693418e-01   5.2412653e-01  -3.8361994e-02   4.7989127e-02   1.5950058e-01   3.8628558e-01   2.2521015e-01  -3.3977268e-02   1.9670371e-01
  -1.8327020e+00  -2.1253917e+00   3.4102208e-01  -7.0676996e-01   5.9771331e-01  -2.8825236e-01  -9.8475667e-02  -7.2741226e-01   6.6348490e-01   8.4831951e-02   1.5627491e-01  -2.3994817e-02   2.2085354e-01   5.1906023e-02  -5.6487564e-02   6.8265060e-02
  -1.4842629e+00   2.3084319e+00  -1.0017084e+00  -3.2927206e-01  -6.1122137e-01   1.4568575e-01  -5.1859987e-01   1.5313620e-01  -3.9718246e-01   3.6743490e-01   4.6447229e-01  -1.1716743e-01  -3.0857932e-01   5.7770465e-02  -1.2126979e-01  -5.7527781e-02
   1.9519015e+00  -4.0602094e-01  -1.6366109e-01   1.8714649e+00  -1.0255472e+00  -5.4310337e-01  -8.0413158e-01  -1.9598726e-01   4.7056401e-01  -2.6161399e-02   1.8811991e-02  -3.2640178e-01   3.5606207e-01  -7.2252593e-02  -2.2895688e-02   3.6832150e-02
  -1.9085253e+00   2.2074357e+00  -3.5572389e-01  -6.8663888e-01  -3.6751058e-01  -2.0819782e-01   1.1868361e-01   3.4733658e-01  -3.3597461e-01  -1.9270076e-01  -6.0978352e-01   1.3183445e-01   1.1702695e-01   1.6011032e-01   2.4948662e-03   2.2557609e-02
  -1.7349242e+00   1.8640746e+00   9.9198081e-01  -8.7535651e-01   4.9172718e-01  -4.5118709e-01   9.7911142e-01   1.9608803e-01   1.2772489e-01  -2.1946041e-01  -9.4906546e-02  -1.8190603e-01  -3.9576449e-01  -2.1883098e-01  -1.8240627e-02  -1.0902560e-01
   1.0336889e+00  -1.4963787e-01   1.6936560e+00   1.0343060e+00   7.0994602e-01  -1.5737720e+00  -2.6324977e-01   1.0914449e+00  -1.9683725e-01   7.7373284e-01  -1.4968436e-01  -1.4846178e-01   4.9737192e-02   1.0680415e-01  -1.8469715e-01   3.7400451e-04
   1.6925608e+00  -1.6056778e+00  -1.3626588e+00   5.4923741e-01  -9.7637943e-01   8.7289798e-01   2.2581600e-02   4.1034878e-01   4.9105268e-01  -2.6101490e-01  -1.6257615e-01  -3.7547799e-01  -1.4552584e-01  -5.6923824e-02   1.0003090e-01   6.8783285e-02
   1.9647825e+00   4.9324606e-02  -2.0744938e+00   4.6870655e-01   9.1115787e-01  -6.9374465e-01   8.2264569e-04  -4.5314753e-01  -9.8184033e-03  -1.7199123e-01  -1.2776748e-01  -1.8544396e-01  -6.9417847e-02   1.1364477e-01   4.6019867e-02  -9.6631765e-03
   1.8569150e+00   8.7091149e-02  -2.2156511e+00  -4.9280256e-01  -1.4009178e-01  -3.5874537e-02  -8.9049947e-01  -2.7258169e-01  -3.8643468e-01  -4.5049718e-01  -1.6741937e-01  -3.0831203e-01  -9.1383318e-02  -5.6381787e-02  -1.4211572e-01   8.5099376e-03
  -1.4424350e+00   2.6029173e+00  -8.2046759e-01  -3.2846343e-01   5.3026563e-02   1.8043655e-01   4.2717128e-01   1.7464802e-01   1.7295320e-01  -1.5230899e-01   2.8648497e-02  -7.6770795e-02   3.0946313e-02   7.5331436e-02   3.5528717e-02   1.5581099e-02
  -1.6875028e+00   1.8302990e+00   1.1348013e+00  -8.7804179e-01   4.1243984e-01  -5.4927832e-01   1.0190302e+00   1.8301186e-01   7.9662393e-02  -2.6902461e-01   1.2952960e-01  -1.6023045e-01  -2.2627487e-01  -1.5334742e-01   1.7367387e-02  -5.8938219e-02
  -1.1228611e+00  -7.4667801e-01  -1.3444369e+00   2.1769115e+00   7.5518498e-01  -9.8273666e-02   4.6258935e-01   3.6661336e-01  -7.5886707e-01  -9.5591136e-02  -4.5814971e-02   2.9516406e-01   1.4260415e-01  -7.9197770e-02   7.1921003e-02  -3.0387257e-02
  -7.7830086e-01  -1.2773294e+00  -3.9764706e-01   2.3929767e+00   1.6253640e-01   2.0134784e-01   1.0454817e-01   5.5334315e-01  -1.1344936e+00  -1.3875882e-01   6.3219648e-02   4.2055179e-01   5.9042501e-04  -6.5168630e-02   2.3260664e-02  -4.3685312e-02
  -1.2119998e+00   2.4324757e+00   1.1596672e+00  -2.4187936e-02  -2.5216828e-01   1.1313945e-01   5.8092209e-01   1.2269281e-01   5.5631982e-01  -3.8515801e-01  -3.9174084e-01  -1.3759633e-01   3.9936687e-01   8.2598137e-02   1.5345487e-01   1.4832118e-01
   2.2325713e+00  -1.3119415e+00  -3.0453342e-01  -4.9410532e-01  -1.0918559e+00   9.3014899e-01   9.0407895e-01  -9.5270653e-02   1.8106524e-01  -1.0048466e-01   5.7479648e-03   1.3211472e-02  -1.5028384e-01   1.0505671e-03   9.7830130e-02   6.4763759e-03
   2.3500156e+00   3.2111870e-01  -1.8851569e+00  -2.0667435e-01   4.7916279e-02  -7.0977803e-02  -1.2745558e-01  -5.4335124e-01  -7.3203040e-02  -2.8646110e-01  -4.6615490e-03  -4.6523865e-01   2.1703902e-01   1.5961906e-01  -1.9526323e-01  -2.3705398e-01
   2.1500050e+00  -1.2605019e+00  -6.8600425e-01   4.9208699e-01  -1.3246291e+00   3.7744073e-02  -5.0067766e-02  -6.8655583e-01  -7.6310718e-01  -4.7927946e-01  -1.5719430e-01  -4.0328790e-02   1.1632648e-02   2.1276524e-02   9.8348024e-02   1.4655853e-02
  -1.5699506e+00   2.1485078e+00  -1.1109832e+00  -3.8492665e-02  -5.6532121e-01  -8.3008509e-01  -1.9119946e-01  -5.3075180e-01  -3.1296139e-01  -1.2627605e-01   4.9000407e-01  -3.5687955e-02  -4.8409585e-02   1.9158830e-02   6.6419107e-02   7.7837251e-03
  -1.7218337e+00   2.0598078e+00   7.2572617e-01  -8.5418735e-01   3.7374762e-01  -6.4390351e-01   8.3839681e-01   1.9875066e-01   4.5819562e-02  -2.2977826e-01  -1.3473297e-01  -1.8636472e-01  -3.1599528e-01  -1.5952817e-01   2.8831466e-02  -8.9181858e-02
  -1.3050674e+00   2.4832343e+00  -4.8452754e-01   1.2405277e-01  -3.0048308e-01  -1.2322071e-01   1.1131430e-01  -2.3683144e-01  -2.5182533e-01   6.7245942e-02   1.2714430e+00  -5.5012227e-02  -4.2675168e-03   1.3273621e-01   6.8031158e-02   9.5011813e-02
  -1.6964777e+00   2.1147109e+00  -8.2799782e-01  -1.0074419e+00  -6.6401639e-02  -2.4424926e-01  -1.4758978e-01   3.5149554e-01  -3.7762739e-01  -1.7357503e-01  -7.4288830e-01   8.5135699e-02  -6.2833631e-02   4.3481954e-02  -2.4001250e-02  -2.6500652e-02
  -1.4283775e+00   2.2547810e+00   3.3272662e-01   3.3557333e-01  -1.2311945e+00   2.9820567e-01  -8.8148021e-01  -1.0779826e-01   3.8847893e-02   3.1694047e-01   3.5528950e-01  -7.9805859e-02  -8.5552746e-02  -7.2321768e-02  -3.8998876e-02   1.2001642e-02
  -1.2601405e+00   2.1987104e+00   7.8873490e-01   9.3857895e-01  -1.1469588e+00  -5.2707358e-01   8.5668183e-02  -3.7960314e-01   1.1608885e-01  -3.6875955e-01  -4.8098435e-02  -3.2577149e-01   1.8844812e-01  -9.9115607e-02   1.3701858e-01   8.8839877e-02
   1.4426481e+00  -3.9717503e-01  -2.5530025e+00   2.2791536e-01   3.8497232e-01  -8.0788070e-01  -2.7461649e-01  -4.1189206e-01   1.6667132e-01   1.1911528e-01  -9.0828661e-02  -2.9527439e-01  -7.7905182e-02   5.4113562e-03  -3.9925416e-02   1.3058610e-02
   2.7894219e+00   1.0130008e+00  -9.2913491e-01   8.3632768e-02   1.4128580e-01   3.9454213e-01   9.8100767e-03  -8.8090047e-02   1.1221087e-01   2.4961500e-01  -3.7889530e-02   1.2161487e-01  -6.8410233e-02  -4.4319894e-03   5.9914717e-02   2.7392484e-02
   2.3949730e+00   5.7602021e-02  -1.8947589e-01   9.1460725e-01   9.9483435e-01   7.0633211e-01  -1.1149229e+00  -7.1865721e-02   5.2489027e-01  -4.2737755e-01   5.6698935e-02  -9.5168626e-02  -2.6249108e-01   2.4899047e-01  -2.1589116e-01   4.6097251e-02
   2.4436967e+00   1.3472609e-01  -1.5123654e-01   1.0982188e+00  -6.7725534e-01   7.4891088e-02  -1.3226691e+00  -1.9370885e-01   5.7675427e-01  -1.5846095e-01   1.2529816e-02  -1.9655096e-01   3.0323964e-01  -1.9756102e-01  -7.6869472e-02  -3.1669851e-03
  -1.4074180e+00   1.5148138e+00  -2.2635891e-01  -8.3747898e-01  -1.8519164e+00   2.6589542e-01  -9.1700405e-01   3.5231818e-01  -3.5339467e-01   1.7471290e-01  -5.6143870e-01   6.4690444e-02   7.5146149e-02   1.5838002e-01  -3.2281724e-02  -7.0820987e-03
  -1.3616554e+00   2.4070086e+00  -8.2319967e-01  -2.3395179e-01  -1.4631303e-02   2.7706983e-01  -3.4083166e-01   1.0003786e-01  -2.1113883e-02   7.1972168e-02   1.0390865e+00  -3.7927277e-01  -4.2253522e-01   1.3003950e-02   6.4227230e-02  -7.3814238e-02
  -1.3448043e+00   2.3015717e+00  -9.6874463e-01  -2.5762090e-01  -5.8857765e-01   2.9754543e-01  -6.3271467e-01  -1.3406249e-02  -4.0255872e-01   1.0844566e-01   8.6649571e-01  -2.0124347e-01  -2.0989788e-01   1.6507561e-01   1.5606800e-02  -3.1354526e-02
  -1.2831902e+00   2.6512968e+00  -5.2840780e-01   2.4070503e-01  -2.5838373e-01   6.2574594e-01  -3.8953513e-02  -2.3287674e-01   1.6641824e-01   1.5520850e-01  -5.7376457e-01   1.1350905e-01   7.0066893e-02   1.9195901e-01   7.2474097e-03   1.2263118e-02
  -1.2232692e+00   2.6250772e+00   1.0397894e+00   3.7888317e-01  -1.5113752e-01   1.1778852e-01   3.4910539e-01  -2.8234909e-01   2.6940272e-01   9.5681420e-02  -2.0454450e-01  -1.5544057e-01  -8.9619012e-02  -4.2893230e-02  -1.1404861e-02   2.7340955e-02
   2.1642134e+00  -1.1934010e+00  -2.2245943e-01  -6.5990183e-01  -8.6300995e-01   1.2687395e+00   9.4203726e-01  -6.0512665e-02  -3.5087444e-02  -3.4707517e-01   2.4453635e-02   1.7164120e-02  -1.8045412e-01   6.2910636e-02   5.3322594e-02  -3.2799383e-03
  -1.0698193e+00  -6.5466432e-01  -7.4159537e-01   2.5446725e+00   5.8706048e-01   3.6917460e-01   3.8023215e-01   5.1365235e-01  -6.3449752e-01  -2.5216900e-01  -1.0161899e-02   1.9227267e-01  -4.1928915e-02  -8.3658135e-02   1.4493449e-02   2.1401986e-03
  -9.5053862e-01   2.6220667e+00   8.8499683e-01   7.2043640e-01  -8.1529122e-01  -2.6537736e-01   2.3236655e-01  -3.1788322e-01   7.6597523e-02   7.8303279e-02  -9.2176363e-02  -3.3897478e-02  -3.3300830e-02  -7.0317431e-02   5.3433690e-03   2.3055344e-02
   2.1811899e+00  -1.2161487e+00  -5.3162715e-01   5.7248784e-02  -1.4377869e+00   4.8072203e-02  -7.8985378e-01  -4.1958264e-01  -7.1530929e-01  -2.0336556e-01  -2.0728104e-01  -5.4241035e-02  -2.0561307e-02  -9.6307635e-03   8.8423388e-02   2.7832330e-03
  -1.1684185e+00   2.5830819e+00   9.8107394e-01   5.7997547e-01  -5.3105518e-01  -2.4271630e-01   3.2336306e-01  -3.7281340e-01   8.9040162e-02  -4.8276747e-02   1.0664690e-01  -1.7647067e-01  -1.4663308e-01  -8.4540960e-02   2.6703440e-02   1.4363574e-02
  -1.4897624e+00   2.4857349e+00  -1.5501751e-01  -3.5943769e-01  -8.6594361e-01  -2.3898931e-01   5.0945958e-01   1.5097611e-01  -2.8571053e-01  -2.0019553e-01  -4.2679353e-01   1.4774006e-01   1.8316509e-01   1.0862787e-02  -3.1561379e-02   3.2027511e-03
  -1.0763105e+00  -7.6178291e-01  -1.2107895e+00   2.2848648e+00   5.8213437e-01   3.2407402e-01   5.2767652e-01   6.3269665e-01  -5.3213419e-01  -2.3966348e-01   1.3696308e-01   2.2645280e-01   1.9294284e-01  -5.0587129e-02   3.2638113e-02  -1.7680259e-02
   9.3250460e-01  -5.7801214e-01  -2.4559301e+00  -7.0289558e-01   9.3943887e-01  -8.8979078e-01  -4.2795264e-02   7.4028377e-01  -1.6930679e-02   1.8725889e-01   5.1124183e-02   4.4924301e-02   6.2088867e-02   2.6185246e-02  -1.0052708e-02   4.5023599e-02
  -1.0508996e+00   2.7430584e+00  -6.2621043e-01   2.0828854e-01  -8.4656332e-02   4.0293552e-01   5.9492892e-01  -1.5095962e-01   2.3215796e-01  -8.2367809e-02  -4.6312100e-01   1.1430946e-01   2.2551106e-01   1.4833268e-01  -3.4624612e-02   6.5809336e-02
  -1.4998668e+00   2.2720057e+00  -1.0963204e+00  -3.3129307e-01  -5.9152692e-01   1.4758811e-01  -4.8406135e-01  -2.5638892e-01  -3.4754097e-01   1.1949124e-01   6.5288758e-01   7.9538409e-03  -2.8011876e-02   1.2038693e-01  -5.8854253e-03  -2.8846941e-03
   1.6799052e+00  -1.6337915e+00  -8.0309097e-01   3.1955005e-01  -1.2223671e+00   1.1876906e+00  -3.6086739e-01   4.6430589e-01   5.2945266e-01  -1.2957775e-01  -2.0915585e-01  -3.1218621e-01  -2.2839129e-01  -1.7491729e-02   1.2187143e-01   6.7129460e-02
  -1.1782510e+00   2.6404438e+00  -5.5995536e-01   2.8697658e-02  -2.8656608e-01   7.8432680e-02  -1.0274294e-01  -8.2549889e-02  -3.2865296e-01   1.1742302e-01   1.0374133e+00  -3.5619097e-02  -6.9765491e-02   7.0430400e-02   3.9864525e-02   4.3558263e-02
  -1.6962630e+00  -2.1193681e+00   4.2251614e-01  -1.1760198e+00   5.3807853e-01  -3.8208960e-01  -2.8594848e-02  -4.6457472e-01   5.9645360e-01   6.0971752e-04   1.3640689e-01  -4.1887677e-02   1.5095438e-01   9.7546150e-02  -5.0376150e-02   7.9199411e-02
  -1.5931824e+00   2.2209725e+00  -9.1021108e-01  -3.5281486e-01  -3.7073860e-01   1.9047439e-01  -3.9326051e-01   1.6360647e-02  -1.7124412e-01   1.5146462e-01   1.0786423e+00  -1.8624194e-01  -1.8238864e-01   6.1188909e-02   2.0621819e-02  -1.1063635e-02
   1.3205934e+00  -1.1967359e-01  -2.5076761e+00   6.6278551e-01  -6.8462043e-02  -6.3239022e-01  -1.5789667e-01  -7.3522924e-01   4.5586143e-01   2.0370953e-01  -2.2859661e-01  -4.6674551e-01  -1.5419272e-01   2.4951204e-02  -1.2454471e-02  -3.1960630e-02
   2.0834595e+00  -5.9050384e-01  -1.3689347e+00  -6.3649926e-01  -1.0178173e+00  -3.5449627e-02  -1.2336260e+00  -8.6528713e-02  -5.8023107e-01  -6.9705704e-02  -2.6585665e-01  -2.2393435e-01   2.3357235e-02  -4.4656150e-02  -1.5233875e-02  -9.2615732e-03
  -1.4463864e+00   2.5403687e+00  -8.2397216e-01  -1.1406140e-01  -1.3853405e-01   4.3253346e-01   4.2452961e-01  -1.4457953e-01  -6.6955487e-02  -1.4954139e-01  -3.3154408e-01   2.3860276e-01   3.5201629e-01   1.2568885e-01  -9.2158216e-02   6.4275644e-02
   1.3990276e+00  -8.6783899e-01   3.7755091e-01   1.4695373e+00  -8.1487591e-01  -1.8142775e+00   4.6547556e-01   4.5593877e-01   3.9484647e-01   5.4942136e-01  -8.4987349e-02  -2.9021773e-01  -6.3112675e-02   1.7350996e-01   1.5321334e-01   2.1718758e-02
   9.7496909e-01  -8.2590250e-01   1.4989061e-01   1.9871926e+00  -4.8376559e-01  -1.7519237e+00   8.7138632e-02   7.0031902e-01   3.5105467e-01   5.0141775e-01  -9.9965123e-02  -3.8425648e-01   5.4066394e-02   1.7230370e-01   1.6146339e-01   6.0378831e-02
   2.2128410e+00   1.0367998e+00  -1.3452657e+00   1.0428889e+00   2.9013347e-01  -1.9224600e-01   2.8620386e-02  -7.1149169e-01   2.8750901e-01   5.5369808e-01   9.6072888e-02   1.6099671e-01   2.7725524e-01   5.5996884e-03   5.2115219e-02  -5.5250215e-03
   1.5239703e+00  -2.0386455e+00  -1.3110307e-01  -8.9211062e-01  -1.0744505e+00   8.0743227e-01   7.9909873e-01  -2.1200133e-01   1.1515778e-01  -4.2197066e-01   3.2305974e-02  -1.0200517e-01  -1.2604305e-01  -1.2583202e-02   3.7904115e-02  -1.4272277e-02
  -7.6678731e-01  -1.1464033e+00  -6.5804027e-01   2.2763937e+00   4.3825403e-01   9.6447706e-01   5.1508145e-01   9.8100730e-01  -2.5361947e-01  -1.7424801e-01   1.2685864e-01   1.2571571e-01   8.5775803e-03  -7.2582421e-02  -1.6642070e-02   8.6750786e-03
  -7.6444598e-01  -8.5296679e-01  -1.2481024e+00   2.3894829e+00   5.9042502e-01   5.0921167e-01   1.3639584e-01   7.0861413e-01  -5.0159875e-01  -4.6949980e-02  -8.8082258e-02   1.6596717e-01   1.8666865e-02  -4.8844082e-02  -7.2188168e-03  -1.0789169e-02
  -1.8113573e+00  -2.2431306e+00   3.2133709e-01  -8.6012040e-01   4.3782724e-01  -2.6109267e-01  -8.8624916e-02  -4.0654454e-01   5.7026986e-01  -1.8292675e-02   9.8925911e-02  -1.0077559e-01   1.6577056e-01   7.6960777e-02  -3.1003157e-02   5.2576465e-02
  -1.2770876e+00   2.6974687e+00  -8.3717494e-01  -7.2605241e-02  -1.4504976e-01   3.0673469e-01   4.0895190e-01  -1.0568642e-01   6.5363555e-02  -1.1235872e-01  -9.0359382e-02   6.1421413e-02   1.8569915e-01   1.1855054e-01  -3.0314504e-02   5.6716719e-02
   2.4780424e+00  -1.5980073e-01  -1.3898915e+00  -1.1276590e+00   3.8865036e-01  -9.8340160e-02   5.6263311e-01   1.5679788e-01  -2.3886637e-01  -1.4751489e-01   9.1318626e-02   4.6075847e-02  -9.5708549e-03   8.4556510e-02  -1.2905803e-01  -2.5351156e-02
   1.0984087e+00  -1.1644636e-01   8.8436048e-02   2.5348652e-01   1.3505295e-01  -2.0632345e+00  -1.2134271e+00   1.3155378e+00  -4.9551141e-01   8.4850915e-01  -2.3905790e-01  -1.4985685e-01   4.1492642e-02  -8.2792716e-02  -4.1653285e-01  -5.1917590e-02
   1.9236801e+00  -1.4377554e+00  -6.2242583e-01  -7.5515006e-01  -1.2716520e+00   1.2134163e+00  -1.6727444e-01   3.9793323e-02  -1.2940673e-02   3.0892480e-01  -1.2653824e-01   6.5658775e-02  -1.9090221e-01  -5.7311966e-03   6.1965655e-02   1.8609698e-02
   2.5185990e+00   2.1015336e-01   6.0833283e-01   1.1154921e+00   2.5935981e-01   1.1154041e+00  -6.4534683e-01   5.8130199e-02   2.8936992e-01   2.7864281e-01  -6.5542834e-02   2.0197276e-02  -1.5187209e-01   2.3684628e-01  -1.4416756e-01   2.1185709e-02
   1.4141995e+00  -1.6528505e+00  -1.2071066e+00   5.2292319e-02  -1.5513625e+00  -1.3238769e-02  -1.0150506e+00  -1.1267650e-01  -4.5473918e-01  -1.2848272e-01  -2.4278738e-01  -2.5404213e-01  -4.8103594e-02  -4.0442763e-02   8.9345055e-02   2.1930631e-02
  -1.1580878e+00   2.6610555e+00   9.1418907e-01   5.6402268e-01  -3.7507781e-01   2.3238598e-01   2.9278119e-01  -1.2179751e-01   2.7523850e-01   2.8002741e-03  -9.6478344e-02  -1.8452180e-01  -8.1014586e-02  -6.9375718e-02   7.2079185e-03   1.8814928e-02
   1.9413078e+00  -1.6063920e-01  -1.7004725e+00  -1.0533598e+00  -3.8288870e-01   2.3149717e-01  -1.1611472e+00   7.7533175e-02  -7.3074894e-01  -2.1123271e-01  -1.8711700e-01  -1.4547325e-01   7.7873710e-03  -7.8907209e-02  -6.5815168e-02   5.4765040e-02
   1.8729515e+00  -3.7309611e-01  -2.1625872e+00  -4.9768851e-01  -4.2448726e-02  -5.3347074e-01  -9.4754078e-01  -2.9953397e-01  -2.8005178e-01  -8.9867805e-02  -1.7914117e-01  -1.6225164e-01  -2.2164958e-03  -6.8167522e-02  -5.4147101e-02   5.6956250e-03
  -9.2728039e-01  -6.3913119e-01  -5.8991747e-01   2.4825944e+00   7.8707362e-01   6.9140535e-01   4.9921912e-01   7.2975531e-01  -4.6448264e-01  -2.8173051e-01   1.0221680e-01   1.4563063e-01  -9.9467210e-02  -4.9281859e-02  -3.6975909e-02  -1.8945742e-02
  -1.8121395e+00  -2.2493610e+00   5.0283399e-01  -6.0370055e-01   4.6833146e-01  -1.7938645e-01  -5.9663328e-02  -6.9550938e-01   4.7553586e-01   8.8879115e-02   6.6593656e-02  -2.3705746e-02   2.0839965e-01   2.5291128e-02  -4.4108299e-02   6.9246909e-02
  -1.9513019e+00  -2.1304681e+00   4.4703227e-01  -4.5021813e-01   5.1365410e-01  -1.5331046e-01  -6.0717643e-02  -7.3774221e-01   5.6214582e-01   1.0176639e-01   8.1959707e-02  -2.4368332e-02   2.0804825e-01   2.5328272e-02  -5.4599248e-02   6.7148250e-02
  -1.1051209e+00   2.5460320e+00   9.6963022e-01   7.0772198e-01  -6.8617105e-01  -2.6330160e-01   3.2689013e-01  -4.2254666e-01   2.5515579e-03   1.0652977e-01  -9.5787383e-02   3.3772042e-03  -6.3387506e-02  -6.9372100e-02   1.4745409e-03   1.5525984e-02
  -1.6243075e+00   2.3182989e+00  -1.0895420e+00   9.8171164e-02  -2.1557342e-01  -2.8475884e-01   2.4450956e-01  -2.9726264e-01   7.2680419e-02  -3.1263440e-01  -6.0888288e-01  -1.1196377e-01   1.2895497e-01  -1.4262793e-01   7.5787109e-03  -2.3625182e-02
  -1.4667868e+00   2.5407326e+00  -6.9120786e-01  -1.1896486e-01  -3.9760727e-01  -1.9295523e-01  -3.2853056e-02  -6.9152268e-02  -3.6179649e-01   4.5367802e-02   7.3992985e-01  -1.3058754e-02  -1.0139344e-02   7.2395286e-03   3.9008649e-03   2.3203768e-02
  -1.5672242e+00   2.0704653e+00  -7.3004136e-02   3.3050823e-01  -1.2912772e+00   2.7693355e-01  -9.6231485e-01  -2.9687579e-01   3.5281006e-02   3.0287183e-01   4.9041494e-01  -1.2469369e-01  -1.8231291e-01  -9.4175112e-02  -1.4920698e-02  -2.5815130e-02
  -1.3423151e+00   2.1842665e+00  -1.1373366e+00  -4.4961998e-01   2.6526589e-01   2.0029043e-01   7.2640389e-01   1.6215854e-01   2.6445064e-01  -4.7665307e-01  -9.4975511e-01   3.4595205e-02   2.4477630e-01  -5.0797073e-02  -6.0624700e-02   1.0244439e-02
