  -1.1345485e+00   1.7069267e+00  -6.3305545e-01   1.1596937e-01  -2.1137893e-01   1.0005615e-01  -2.3276637e-01  -2.3606041e-01   7.4849762e-02  -3.7135413e-01   2.5979342e-01   3.4634540e-03  -4.8797606e-02   8.5180939e-02
  -1.4807789e+00  -1.5288990e+00  -2.7664714e-01   1.3716535e-01  -2.1762438e-01  -1.3345717e-01   3.4812047e-01  -2.1489653e-01   6.8334982e-03  -3.3462922e-01   1.3899551e-01  -1.1146734e-01  -2.3443676e-02   1.5895339e-02
  -1.0838592e+00   1.8193165e+00  -3.5764151e-01   1.0433429e-02   7.4924668e-02   2.6741797e-01  -1.2963658e-01  -4.2163349e-01  -9.1566838e-02  -3.0657796e-01   6.4332956e-02   3.8834000e-02   6.6451851e-02   5.7318552e-02
  -7.4287403e-01   1.9343991e+00  -7.2987347e-01   4.5551697e-02   2.2964531e-01   2.6470657e-01   2.8917287e-02  -1.1684545e-01  -2.7432702e-02  -9.8915272e-02  -7.8196485e-02  -1.2212174e-01  -3.5757065e-02   5.2987955e-02
   2.0768857e+00   5.8054706e-01   3.1891095e-01  -3.2887783e-01  -1.9863656e-01   1.9146800e-01  -1.8314972e-01   1.2367784e-01  -3.3930725e-02  -3.7047856e-02   1.1091861e-01  -3.4375117e-03   1.0954217e-01   8.0382577e-02
   2.0680079e+00  -4.0287613e-01   4.3675934e-01   3.3739670e-01   7.7723915e-02   2.6730540e-01  -1.8813893e-01   1.1055695e-01  -2.7601714e-04   2.7250035e-01  -2.1703094e-01  -1.2873165e-02   9.8544609e-02   1.0328459e-01
   2.1942344e+00   2.8263344e-01   7.3206305e-02  -1.5707235e-01  -5.4568239e-02  -2.4538013e-01   5.0629588e-02  -4.5411765e-02  -1.5803384e-01   9.4882946e-03  -9.6918622e-02   5.9919790e-02  -6.3448578e-02   6.2036751e-03
   2.0376290e+00  -9.5610570e-02   1.1848720e-01  -3.8412348e-01   2.3166271e-01  -9.0295686e-02  -6.6589959e-01  -2.0438047e-01   5.9251752e-03   3.0898805e-02   3.3391698e-01   7.3284731e-02   1.4833812e-01  -8.0924439e-02
   1.8718658e+00   3.0317582e-01   6.4249523e-01  -7.1136403e-01  -4.1560553e-01  -2.3429212e-01   4.5467447e-01   1.1280028e-01  -1.7723288e-01   1.0102904e-01  -1.3268670e-02  -5.3475986e-02   4.5343213e-02   6.7470611e-02
   1.8659343e+00  -6.7468406e-01   1.4009800e-01   6.2074585e-01   3.6488765e-01   1.6969219e-01  -6.6921768e-01   8.8030039e-02   1.7919770e-01  -4.4063850e-02  -2.0514084e-02   1.1300563e-01  -6.8616588e-02   1.4776729e-02
   2.0694222e+00   7.0124553e-01  -3.8072217e-01  -6.7371192e-02   2.8983796e-02  -2.5489409e-01   1.7637815e-01  -3.4497915e-02  -8.3499011e-04   6.2474539e-02  -2.5953078e-02  -2.1895595e-02  -5.4372910e-02   1.7806404e-02
   1.8000541e+00  -4.8094677e-02  -1.1114163e+00   5.2920308e-01  -1.7246851e-01   1.6161129e-01   1.2978501e-01  -1.9468839e-01  -6.7008970e-02  -3.1227810e-01  -2.0096957e-01  -4.5822021e-02  -3.6845388e-02   1.2678991e-03
   1.7964293e+00  -5.6430999e-01   3.1257509e-02   3.2984597e-01   4.6797999e-01  -9.5857962e-01  -2.3089562e-01   5.3440607e-02   2.7067611e-01  -2.1523634e-01  -1.6773649e-01   6.8227043e-02  -7.7236272e-02  -1.4376816e-02
   1.7825987e+00   2.5625191e-01   9.0441114e-01   2.7309952e-01   1.1797740e-01  -3.1271184e-01   1.4599967e-01   1.1283953e-01   7.1785859e-01   4.4748221e-02   2.9908141e-01  -2.6567696e-01   1.9057462e-01   1.0805536e-01
  -8.4533604e-01   1.6662096e+00  -7.8541458e-01  -4.1692326e-01  -5.5844807e-01   1.5464638e-01  -7.6064991e-02  -1.4379682e-03  -4.4471262e-01  -9.6701240e-02   3.9965225e-01  -6.9433255e-02  -6.1595332e-02   4.1807315e-02
   2.0379725e+00   5.0821362e-01   6.5530583e-01  -2.4562250e-01  -2.0596580e-01   1.6840955e-01   1.4633576e-01   5.6012569e-03  -1.5088499e-01  -3.6394894e-02   8.1994068e-02   7.6037794e-02  -4.1093302e-03   2.3186092e-02
   2.0455284e+00   1.5140025e-01   7.8589740e-01   3.0561914e-01  -2.4046373e-01   1.6603778e-01  -1.5257297e-02   8.5201967e-02  -1.3421552e-02   7.6701171e-02  -6.0934146e-02  -5.2135812e-02  -2.2867067e-02   2.8914096e-02
   1.8118967e+00   3.7437392e-01   1.0923830e+00  -2.5686957e-01  -2.9464966e-01   1.9077064e-01   3.7582977e-01   9.9647830e-02   1.8134839e-01  -2.2803082e-02  -1.5009205e-01   2.9555271e-02  -7.6305456e-02   1.7010838e-02
   2.1922994e+00   2.5530955e-01   3.0280608e-01  -1.3878893e-01   1.4540331e-01   1.0818303e-02  -1.5461965e-01  -6.0323407e-02  -9.7525086e-02  -2.5643964e-02   1.0522695e-02   1.1466853e-02   6.4554218e-03  -9.3600159e-04
   2.0483056e+00   5.5078514e-01  -1.8638103e-01  -5.7998746e-03  -3.2629085e-01   2.3119422e-01   1.5178814e-01  -4.0154437e-01   1.9791760e-01   1.9792542e-01   2.2296626e-01   1.0429966e-01   5.0088996e-02  -2.0400642e-02
   2.0491031e+00  -1.4303602e-01  -1.5751259e-01   6.7563190e-01  -3.4950476e-01   2.2245005e-01  -3.2409108e-01  -4.9946008e-02   1.6096586e-01   1.1233116e-01  -7.7752367e-03   1.3417193e-02   1.8336491e-02  -3.7703251e-02
   1.9602537e+00   1.5709051e-01  -4.9602049e-02  -6.9024209e-01   2.2357682e-01   6.3044807e-02  -7.1939743e-01   7.6738331e-02  -1.8364541e-01  -7.3357781e-02   2.1502519e-01   4.3257289e-03  -4.5317385e-02   3.2110128e-02
   2.0793218e+00  -3.4002007e-02   3.2707596e-01   3.4702563e-01   3.7079119e-01   3.8434816e-01  -3.6058067e-01   7.2160396e-02  -1.6873659e-03   1.6175812e-01   6.8754646e-02   1.1927714e-01  -1.0004806e-02  -1.7851090e-02
   1.8435812e+00   2.2330778e-01  -1.0375057e+00  -5.0705932e-02  -6.0664881e-01  -2.1169218e-01   3.3710216e-02   1.0997496e-01  -2.1359158e-01  -6.0240958e-02   1.0619558e-01  -4.2660421e-02   4.8869332e-02  -2.5834249e-02
   2.0575459e+00   5.6033672e-01   1.6090853e-01  -5.1718813e-01   1.7747386e-01  -1.2875131e-01   1.8342582e-01  -1.5955631e-01  -1.7262060e-01  -4.8980005e-02   8.5792088e-02   1.8121734e-01   3.8119415e-02   7.8475861e-03
  -6.8934277e-01   2.0004704e+00  -9.3452122e-02   1.1611134e-01   3.7786806e-01  -3.0443412e-01  -8.8681917e-02   2.4258489e-01   3.9683203e-01   1.8593843e-01  -2.1548592e-02   3.7656258e-02  -1.2121682e-02  -7.5500630e-02
   1.7189441e+00   5.0182454e-01  -1.2935676e+00   1.1964418e-01  -1.9436056e-01  -1.1249529e-01   1.2988150e-01   4.2351759e-02  -1.4847824e-01  -6.1080557e-02  -7.2378008e-02  -1.4233334e-01  -2.5784801e-02  -4.0704286e-02
   1.8133292e+00  -5.3646489e-01   9.2902626e-01   5.2943953e-01  -2.0184108e-01   5.5887603e-03   3.6320820e-01   2.8703534e-02  -1.0805963e-01  -2.2912539e-01   9.6250283e-02   1.9126464e-01  -9.0105985e-02  -2.9386998e-02
   1.9496894e+00   4.1887652e-01  -5.9409539e-01  -2.8074141e-01  -1.7605822e-01   1.0885640e-01  -5.7332614e-01  -1.1010077e-02   3.9627631e-01  -1.8775919e-01  -1.7526124e-01  -9.3964421e-02   3.7204058e-02  -2.4829630e-02
   2.1639344e+00   2.2181892e-01  -1.7176143e-01   6.4108473e-02  -3.0962138e-01   2.9215685e-01  -2.7596545e-01   4.7576231e-02  -2.7792023e-02   5.4571698e-02  -9.2027258e-02  -2.6358875e-02  -8.5420075e-03  -1.1389646e-02
  -1.0850113e+00   1.4299256e+00   2.3225483e-02   7.4148197e-01   7.9948303e-01   1.8212578e-01  -4.0420471e-01   2.9938973e-01  -3.5410912e-01   7.8096675e-02   3.9646015e-01   8.0956773e-02  -3.9413701e-02  -5.0218371e-02
   2.0624699e+00   2.8444440e-01   5.2632676e-01  -4.4448816e-01   2.5734264e-01   3.6074576e-02  -1.6332771e-01  -1.4337859e-01  -1.8808537e-01  -1.8836500e-01   1.5855214e-01  -3.0155915e-02   1.6532117e-02  -3.5720344e-02
   2.1278656e+00   4.3326209e-01   1.7378371e-01  -2.3609185e-01   2.1302833e-01   9.0692563e-02   1.3331917e-01   1.2764765e-01  -3.3142951e-01  -1.1107671e-01  -1.2326535e-01  -5.7893861e-02  -9.4791685e-03   2.6398816e-02
  -9.3044953e-01   1.6559744e+00   4.2011387e-01  -1.2163372e-01  -2.6509354e-01   4.1880995e-01  -6.6615293e-01   1.7890547e-01  -1.1258840e-01   5.8224761e-01  -1.4744213e-01  -3.0929186e-01  -9.3139419e-02   1.2922806e-02
   1.8643892e+00   4.9325776e-01  -9.3924768e-01   8.0343698e-02  -6.2570953e-01   3.1717366e-02  -1.3165775e-01   4.6489507e-02   2.7059239e-02   6.9345222e-02  -2.6148154e-02   1.2638288e-02   2.2375275e-02  -3.0154479e-02
   1.9644100e+00   3.6280489e-01  -6.3165143e-01   5.4651379e-01   2.0831456e-01  -1.5016894e-01   6.3636476e-02   3.3593599e-01  -1.5050262e-01  -9.8296683e-02  -5.4195872e-02  -3.1337272e-01  -8.0584349e-02  -2.4747930e-02
   1.1089309e+00  -1.4598288e+00  -3.7358805e-01   8.8683678e-01  -2.0451048e-01  -7.3004871e-01  -6.0612992e-02  -7.6020798e-03  -1.7513300e-02  -2.5330748e-01   2.3874408e-01  -1.2429903e-01   1.7998367e-02   2.7667243e-02
   1.8200574e+00   3.2807625e-01  -1.1739236e+00   2.8428165e-02   1.9261299e-01  -3.5611210e-01   3.9150850e-02   4.4020042e-02  -6.5275681e-02   4.3549284e-02   1.7466532e-01  -8.7372096e-02  -2.7740099e-02   2.2539771e-02
   1.9562913e+00   2.4042949e-01  -7.1050750e-01   2.8729693e-01  -5.7137405e-01   2.4528644e-01   6.6563625e-02  -4.6903847e-02  -2.5391098e-01   2.1337343e-01  -1.7751007e-01  -3.7728857e-02  -3.2499710e-02  -6.5004943e-02
   1.9882581e+00  -2.5348231e-01  -7.1177317e-03   3.2280647e-01   8.4508651e-01   2.9287341e-03   2.4811740e-01   1.7453249e-01   6.2501551e-02  -1.8789335e-01   4.1124756e-02  -1.3390787e-01   2.3372921e-02  -1.4810505e-01
   1.8830508e+00   4.4116324e-01  -4.9395111e-01  -3.5116365e-01  -1.6513964e-01   3.1239055e-01   6.5356911e-01   7.7990956e-02  -5.2196950e-01  -1.1309257e-01   2.1478521e-01   2.4518291e-02  -3.8525541e-02   9.8590052e-02
   1.8745139e+00   2.5924001e-01  -1.0278308e+00   3.9968080e-01  -1.3299708e-01  -1.8748036e-01   2.6250901e-01  -2.1345002e-02   2.6701789e-01   7.6016933e-02   1.0985974e-01   3.3015398e-02  -5.5825713e-02  -5.1975572e-02
   1.7999597e+00  -1.3559653e-01   1.0619782e+00   5.7638369e-01  -1.9834371e-01   3.0585277e-01   1.6961689e-01   4.2531405e-02   3.3863513e-01   1.0339083e-01   4.6824142e-02   1.4489532e-03   3.7250486e-02  -2.3047814e-02
   1.9230548e+00   5.1143543e-01  -7.6779719e-01   5.0090367e-01  -1.5758153e-01   1.9823437e-01   2.3930747e-01   1.5852861e-01   2.3297530e-01   1.1392226e-01   6.2738830e-02   3.5228254e-02  -2.8477142e-02   2.7910845e-02
   2.1784487e+00   1.6520950e-01   3.6926292e-01  -1.3567405e-01   1.4795331e-01   2.0069509e-01  -2.6178183e-02   5.1035936e-02  -2.0811170e-01  -3.6119383e-02  -1.2921033e-02   5.6091083e-02   1.2888026e-02   2.7532709e-02
   1.9266276e+00   7.1371421e-01  -7.1906300e-01  -3.0609807e-01  -2.0802128e-01  -2.8802568e-01   2.0428956e-01  -6.1542077e-02   6.9322629e-02  -9.2621335e-02  -5.5306776e-02  -6.6849792e-02  -2.0157030e-02   7.0037398e-02
   1.8942189e+00   4.4569132e-01   8.7376763e-01  -3.7006069e-01  -2.1418969e-01   3.0318977e-01   1.2333661e-01  -1.3599551e-01   1.9015169e-01  -3.3826639e-01   6.4066103e-02  -1.1382752e-02   1.1322628e-02  -5.2254042e-02
   1.7376578e+00   2.2448763e-01  -1.3162298e+00   1.3740281e-01  -1.3401910e-01   3.5856940e-01  -5.4698650e-03  -1.5773258e-01   2.8852965e-02   1.7201465e-02   1.4900598e-01  -5.2039221e-03   1.2652421e-02  -1.4054976e-02
   1.6392021e+00   5.0457566e-02   1.2489126e+00   3.6612745e-01  -6.1035186e-01   9.7285813e-02  -2.1589043e-03   1.5033835e-01   3.1517044e-01  -2.2269116e-01   1.4988693e-01  -1.7782452e-01   7.2137218e-02  -1.0018539e-01
   2.0882912e+00   4.6594646e-01  -5.0360181e-01   3.4192751e-02  -3.8375724e-01  -4.0930339e-02   3.6176217e-02  -1.2047793e-01   4.3007200e-03  -1.5730601e-02  -1.4479768e-01  -9.8344644e-02  -2.7914513e-02  -1.3513005e-02
   1.8410215e+00   7.7777139e-01  -7.9767157e-01  -4.3914348e-01  -1.8466556e-01   7.2062335e-02   5.6740612e-02   4.7044767e-02   2.7282903e-01   2.4230241e-02  -1.4314884e-01  -2.2769982e-01   2.5369154e-02  -1.7391231e-02
   1.6479002e+00   1.8595144e-01  -1.2534294e+00   1.9071521e-01  -3.4149121e-01  -5.4725544e-02   5.1677867e-01  -3.3079303e-02  -2.7451243e-01  -3.5466353e-01  -2.4018661e-01  -8.3760083e-02  -3.4149750e-02   7.7820557e-03
   1.9303772e+00   3.6031174e-01  -6.8906586e-01   5.5399883e-01  -3.3125160e-01   4.2923039e-01   2.4168748e-01   5.4541652e-02   7.4448995e-02   2.2766262e-02   8.7905684e-02   1.0096220e-01  -4.7334449e-02   1.0627777e-02
   1.8939812e+00  -4.5543378e-01  -4.8142227e-01   4.4779401e-02   2.9528973e-01  -4.3367853e-01  -7.6765082e-01   3.0400076e-02  -1.8495283e-01   2.8642793e-01   3.0301171e-02  -1.9727951e-02   7.9972364e-03   6.1562064e-03
   1.7978900e+00  -5.6578096e-01  -3.3798612e-01  -5.6653655e-01   2.0386071e-01  -2.1737968e-01  -8.1211825e-01   2.1690567e-01  -3.1249672e-01   2.5751748e-01   2.1245642e-01  -1.2401754e-01  -4.5406716e-02   3.8254675e-02
   1.0061725e+00  -3.9452218e-02   1.9000839e-01  -4.8099325e-01   1.2700405e+00   5.2930584e-01   1.9117092e-01  -1.0067351e+00   5.6842959e-01   4.4226433e-01  -4.0299660e-01   1.1292120e-01  -2.1981678e-01  -1.8545666e-01
   1.6426206e+00   2.8038645e-01   1.0069621e+00  -5.4518262e-01  -5.2350864e-01  -6.1783385e-01   4.2880435e-01   2.1576027e-01   1.9479290e-02   6.7641847e-02   8.0045691e-02  -9.7042276e-02   5.1501510e-02   1.0415930e-01
   2.0366521e+00  -2.7028214e-01  -1.5054249e-01   1.9041327e-02   1.0301770e-01  -9.7514593e-02  -7.1081502e-01  -1.8556726e-01   4.2994758e-01   9.3888443e-02   1.1721070e-01   4.1074646e-03   8.7410220e-02  -2.4803775e-03
  -7.0675501e-01   1.9941696e+00  -4.6748681e-01   7.5563135e-02   1.5096366e-01  -3.2551640e-01  -1.3951802e-01  -3.2798063e-01   5.9250994e-03   2.0220048e-01  -3.3052022e-02  -2.0481568e-02  -5.6773811e-02  -1.5319232e-02
   2.0423314e+00   4.0775610e-01   5.5053879e-01  -2.3323860e-01  -1.6801240e-01  -1.4446512e-01   5.2689914e-02   3.0909817e-01  -2.1505772e-01  -2.1726416e-01   2.0347313e-01  -1.3136711e-01   1.3007696e-01   6.9454896e-02
   2.1181495e+00   3.2607348e-01   3.8777631e-01  -3.5939314e-01   8.5844322e-02  -3.1819399e-01   1.3242507e-01  -1.1473409e-02  -1.6290290e-01   1.7823083e-02   3.8760009e-02   4.7873276e-02   2.0170036e-02   4.9196032e-03
   1.8286647e+00  -3.9031979e-01  -1.8068307e-01   7.4413656e-02  -2.4981488e-01  -5.0205289e-02  -1.0095706e+00  -3.8421829e-01   1.6839109e-01  -3.8676474e-01  -1.9280528e-01  -9.1883464e-02  -1.0914129e-01  -8.6908529e-02
   1.9812467e+00   5.4460711e-01   5.5966123e-01  -4.5684971e-01  -2.5066452e-01  -2.9663942e-01   1.8521230e-01   1.0217676e-02  -3.3144567e-02  -2.8784647e-01  -5.1644762e-02   1.7100474e-02   3.2265122e-02  -4.0875258e-02
   2.1398943e+00   3.9172007e-01   3.4257879e-01  -9.3398924e-02   2.9826830e-01  -1.1306398e-01   2.3348313e-01  -7.1171868e-03   2.5453149e-02   3.8437102e-02   3.4640152e-02   1.0776180e-01  -2.4399581e-02  -2.7258852e-02
   2.0114292e+00   3.2926592e-01  -7.1945807e-03  -6.2705547e-01   2.2326692e-01  -1.5197184e-01  -2.9654225e-01  -3.2601235e-02  -2.5810246e-01  -2.7390922e-01  -8.1381622e-02  -3.4315798e-01   1.2116428e-01  -1.4649837e-01
   1.8616071e+00   2.6538288e-02   1.0917146e+00   1.4138501e-01  -4.3723026e-01   2.4251062e-01   2.1161877e-01   8.6029350e-02   1.2847203e-01   1.3402933e-01  -4.7155372e-02  -1.9351244e-02  -2.5554278e-02   1.0973645e-02
   2.0103864e+00   6.0854587e-02   5.7599011e-01   3.8960171e-01  -2.8515905e-01   2.4298492e-01   4.6880094e-02  -2.4282586e-01  -3.8009348e-01   5.1464022e-02   2.5278033e-01   2.3378860e-01  -8.3937242e-02  -1.0829580e-01
   1.6726237e+00  -1.0342351e+00   8.3244803e-02   7.3482258e-01  -1.6072400e-02  -1.4151056e-01  -6.1913042e-01   5.7166798e-02   1.6582895e-01  -2.2439075e-01  -1.5541660e-01   2.3727165e-01  -1.3404344e-01   1.1653283e-01
   1.9310964e+00  -1.3255695e-01  -7.9877752e-01  -2.1668719e-01   7.5988859e-02  -5.8962138e-03   4.5227283e-01  -4.3121363e-01   7.3949474e-02  -2.7003728e-01  -3.1088727e-01   5.7649201e-02  -6.9924909e-02   7.8761759e-03
   2.0265321e+00  -6.9120283e-01  -3.2090611e-01  -2.1259783e-01   1.2483111e-01  -2.7705363e-02  -1.9578340e-01  -8.8713537e-02   2.8096684e-01  -8.7298491e-02  -1.7617467e-01   2.4725531e-01  -1.1097307e-01   1.5345503e-01
   2.0183276e+00  -1.9216105e-01   1.9431189e-01  -2.9163206e-01   4.0954999e-01  -5.2303962e-01  -2.7631305e-01   1.9957329e-01   6.7543144e-02  -3.2228419e-01   2.2435417e-02  -2.2341078e-01   1.7504851e-01  -1.7386693e-01
   2.1340772e+00   3.5656448e-01   4.2943603e-01   7.9453312e-02   1.5005033e-01  -1.4633822e-01   2.1419995e-01   8.8108569e-02  -1.6556647e-01   2.3281792e-02  -1.5139484e-01   2.3323835e-02  -3.8952338e-02   6.1602113e-02
   1.8757793e+00   4.8006648e-01  -9.8322612e-01   7.9479805e-02  -4.0449377e-01   3.1466939e-01   1.7866488e-01  -5.8876277e-02   1.0416768e-02   7.6653702e-02   2.3421062e-02  -2.8817112e-02   4.4669234e-02  -1.5556754e-02
   1.7925129e+00  -8.3911128e-01   3.5113774e-01   3.3605783e-01  -6.7033064e-01  -1.2002067e-01  -5.9781166e-01   2.9271744e-02   1.2998884e-01  -4.1453008e-02   9.3498761e-02   5.2902990e-02  -5.1964716e-02   3.4445234e-02
   1.7744253e+00   4.6487504e-01  -1.1129271e+00   4.7792066e-01   6.3986745e-02  -3.5313824e-02   3.9237993e-01   1.0321476e-02  -1.4253372e-01   2.2749667e-03  -3.5079119e-02   8.6163247e-02   1.2450664e-02  -3.1396734e-03
   2.1626370e+00   2.9602231e-01  -3.5994208e-01   3.2820715e-02  -1.2491600e-01  -2.7352963e-01   4.8839423e-03   2.5517409e-03   1.0481888e-01   1.1725597e-01  -1.3574764e-01  -2.4510605e-02  -4.4647392e-02  -3.6078548e-02
   1.9679077e+00   2.7560495e-01  -6.8308994e-01   4.4364746e-01   9.0912599e-02  -1.3490459e-01   5.2514805e-01  -2.1414671e-01  -3.9561653e-04   2.1232164e-01  -4.6828434e-02   9.0091468e-02  -4.6265715e-02  -7.6331162e-03
   2.0391319e+00   5.8223989e-01   5.0438115e-01  -5.9578134e-02  -1.8685748e-02  -3.2999981e-02   3.0881530e-01   2.7494954e-01   1.4068017e-01  -2.2324582e-01   2.5817695e-02  -6.0833859e-02  -8.1674026e-02   8.7484728e-02
   1.9669501e+00  -1.5377473e-01   9.7686933e-02   3.5373628e-01   8.9864242e-01   7.2694103e-02  -2.0148280e-01   3.0907512e-01  -8.8522251e-02   3.6109097e-02   1.4797523e-01  -7.1997364e-02   3.2626127e-02   1.6954132e-02
   1.3869533e+00  -1.3621504e+00  -1.8820910e-01   4.8976392e-02   1.3946669e-01  -4.0764958e-01  -8.5019921e-01  -8.9621332e-02   4.1676553e-01  -1.1992538e-01   2.8675273e-01  -3.4325941e-02  -3.3380382e-02  -3.9428493e-02
  -9.5497730e-01   1.6382548e+00   6.8877863e-01  -1.7335838e-01   4.6124480e-01  -5.8631962e-01   3.8664035e-01  -4.8879969e-02   2.0435322e-01   2.3189532e-01   2.9231268e-01  -8.8854925e-02  -7.4817028e-03   3.7461848e-02
   2.0930572e+00   5.2159698e-01   4.0987457e-01  -2.1871920e-01   5.9632376e-02  -2.9787223e-01   2.3338675e-01  -9.4877356e-02   7.8512641e-03   7.0087878e-02   5.1291133e-02   7.3773565e-02  -1.3572886e-02  -1.6639398e-02
   2.0740751e+00   7.4877050e-01  -8.7543629e-02   4.6057430e-02  -3.6146453e-02   2.1747840e-01   2.6271881e-02  -8.5748959e-02   2.6519212e-01  -1.4616524e-01  -5.8014768e-02   1.7537745e-02  -4.1117723e-02  -1.6599019e-02
   2.0477208e+00   1.5323597e-01  -2.0743962e-01  -4.1393724e-01   2.3647470e-01  -4.2875736e-01  -5.2285848e-01  -5.4146376e-02  -2.3647236e-01   7.9354634e-02   1.1273264e-01  -2.2386275e-02   2.1661160e-02  -1.9512331e-02
   1.8371784e+00   4.3061259e-01  -9.6366316e-01   1.9528630e-01  -6.5645171e-01   1.7219429e-02  -1.6199847e-02   9.8271193e-02  -3.7811677e-02   3.8450519e-02   7.4283927e-02   1.8230221e-01  -5.2842229e-02  -2.5541756e-02
   1.9072837e+00   3.1370795e-01   2.8374136e-01   6.6824637e-01  -5.1340515e-01   5.9696334e-01   1.7698373e-01  -6.0225719e-03  -7.3557116e-03   7.4973247e-03   2.7409966e-01  -8.2818455e-02  -1.1373665e-01  -5.8815945e-02
   2.0335053e+00   5.7652914e-01  -1.2153902e-01  -2.9431219e-01   3.4310724e-01  -3.3696812e-01   2.2001769e-01   1.9888404e-02  -2.4380324e-01  -2.1790770e-01  -1.8669560e-01  -1.3105534e-01   2.0578190e-02   7.5140151e-02
   1.0930521e+00  -2.6771967e-01   2.8524032e-01  -4.4258479e-01  -6.0939873e-01   1.4561088e+00  -5.0065668e-01  -2.6345368e-01  -3.4980461e-02   4.3524047e-01  -4.2315770e-01  -5.1362467e-01  -1.0348240e-01   6.0286728e-02
   1.7090973e+00   3.2814301e-01   1.0106843e+00   3.7763138e-01  -7.4497128e-01   3.5116646e-01   2.5837972e-01  -1.6207093e-02  -7.9379452e-03   1.3903441e-01   2.3569444e-01   2.3451653e-03  -4.2296861e-02   2.4626229e-02
   1.9504340e+00  -3.5097337e-01  -7.3858653e-02  -1.8458603e-01   1.0597111e-02  -4.7193169e-01  -8.4032686e-01   1.6238498e-01  -2.0165075e-01   2.1029242e-01   7.6015875e-02  -3.5472054e-02   3.8875686e-03  -7.2211794e-03
   1.8873938e+00  -3.5082769e-01   4.6834863e-01   7.3693556e-01   1.5821773e-01   6.9014128e-01   9.7682218e-02   1.1776716e-01  -1.6842763e-01  -1.4084428e-02   3.2483197e-02  -5.9376321e-02  -6.7724808e-02  -1.6069499e-02
   1.4023615e+00  -5.7797027e-02  -1.4859939e+00  -3.1270794e-01  -2.2559762e-01   6.8125111e-02   4.1046114e-01  -4.4208776e-01  -3.3954840e-01  -3.4728150e-01  -1.3539960e-01  -2.3803126e-01  -3.6252792e-03   2.4670104e-02
   2.0224898e+00   8.5392010e-02  -5.9680736e-01   2.9472564e-01  -6.0081899e-01   2.4726012e-01  -1.0681888e-01   1.6593647e-01   7.6968239e-02   3.0989795e-02  -6.2382347e-02  -6.9447449e-02  -1.6289831e-02  -3.7115376e-02
   2.1746263e+00   3.9341848e-01   7.0476580e-02  -2.3596836e-01  -1.7229443e-01  -1.2208071e-01  -1.7168364e-01   5.3764142e-02  -1.1007190e-01  -1.4846765e-02  -6.9449450e-02   2.2747253e-02  -2.5957657e-02  -8.2971501e-03
   2.1329367e+00   3.3520371e-01   5.1645849e-01  -2.1998648e-01  -9.4802914e-03   1.2592068e-01   1.0881038e-01  -5.2473487e-02  -4.0192020e-02  -1.7865323e-01   3.1631102e-02   2.5935276e-02  -7.8133829e-04  -2.3079989e-02
   2.1940629e+00   1.5242353e-01   3.0937891e-01  -2.2328936e-01   1.5102310e-01   2.1557282e-02  -1.3090543e-01  -6.4217926e-02  -2.7537470e-02   4.7934936e-02   2.6569597e-02  -2.8245112e-02   4.3519356e-02  -2.9950142e-02
   2.1388567e+00   3.6616871e-01  -2.9520706e-01  -4.1406996e-02  -3.1043462e-01  -7.4980451e-02  -2.6759141e-01   1.9852599e-01   4.9321442e-02   1.2676529e-01  -4.7370205e-02  -1.2400290e-02   1.4890984e-03   3.2477772e-03
   2.1645701e+00  -1.3762539e-01   4.5035378e-02  -1.8663137e-01   1.2161089e-01   1.2829442e-02  -4.8632156e-01   3.5623233e-02  -4.5193829e-02  -8.0320133e-02  -9.4403610e-02  -1.0105723e-01  -1.4757393e-02  -4.7150374e-04
   2.0758186e+00  -4.0116641e-02   6.1961024e-01  -1.4614711e-01   3.2142041e-01   3.0757063e-01  -1.2666150e-01  -9.9666134e-02  -2.4643766e-01   1.0686573e-01   6.6949113e-02   7.5853698e-02   6.4585272e-03  -2.1122250e-02
   2.0676668e+00  -1.1038696e-01  -1.5754582e-01  -2.6591006e-01   9.3107901e-02  -1.6733613e-01  -6.9447911e-01   1.9588952e-01  -1.5820842e-01   3.6976148e-02  -2.0722783e-01  -2.1851851e-02   4.4173779e-02  -5.6082868e-02
   2.0128270e+00   7.2187296e-01  -4.8040010e-01   5.2383959e-02  -1.1572342e-01  -3.8595487e-01  -6.1149547e-02   2.9030903e-02  -4.1320353e-02   1.9342085e-01  -8.2477644e-02  -1.8582447e-02  -7.2705473e-02   3.2003995e-03
   1.9760162e+00  -3.0335142e-02   8.7436881e-01  -2.3893756e-01   3.1097086e-01   3.3007122e-01   1.4516892e-01   1.0934196e-01   1.4239880e-01  -3.0347869e-02  -1.5132472e-01   7.9721677e-02  -1.6657926e-02   3.0492082e-02
  -8.6449276e-01   1.9873733e+00  -1.3183850e-02  -4.8473979e-02   4.4716337e-02   2.4811145e-01  -3.8966463e-01   1.0604779e-01   1.8010690e-01   3.9994875e-03  -1.1471547e-02  -1.7739059e-01  -8.1481187e-02  -8.1412728e-02
   1.9887643e+00   1.9559440e-01  -6.9127825e-01  -6.9211460e-03  -3.8570010e-01  -5.7406202e-01  -1.9886935e-01   1.1971931e-01   3.6803310e-03   7.2981228e-02  -4.4656363e-02   3.9510656e-02  -5.5120174e-02  -3.8555084e-02
   2.0776391e+00  -2.9821647e-02   6.7536668e-01   1.1133616e-01  -6.6624977e-02   2.7496257e-01  -4.9360792e-03   2.6205510e-02  -3.1922291e-01   3.9772476e-02   1.3912679e-01   1.7784759e-01   2.7579506e-02  -4.7455869e-02
   2.0245091e+00   3.3793811e-01   8.1918845e-01  -6.4949460e-02  -1.4927600e-01   2.8951599e-01  -6.5024846e-02  -6.7500237e-02  -1.5135702e-01  -1.1452882e-02  -3.9320734e-02   5.9789481e-02   3.2608675e-03  -2.4379947e-02
   2.0348811e+00   6.1241102e-01   1.9055217e-01  -7.8727163e-02   1.3013363e-01  -5.7047264e-01   5.6615853e-02  -1.8609923e-01  -1.3826358e-01   1.7166137e-01   2.1188298e-02   1.5022645e-01  -1.9628524e-02  -7.1305292e-02
   2.0973970e+00   6.0357527e-01   4.2547842e-01  -5.7665309e-02  -9.6390109e-02   1.5211597e-01  -1.5342879e-02   1.2863814e-01   1.3272959e-01   5.2271186e-02   5.7217960e-02  -7.8171759e-02   5.8387208e-02   2.0579964e-02
   2.1116650e+00   3.6817558e-01  -4.4226398e-01   6.8255032e-02  -4.3331206e-01   1.1154702e-01  -1.5093841e-01  -4.6018649e-02  -1.6349865e-02   6.6609448e-02  -8.1997019e-02  -6.0198850e-02  -2.8557298e-02   6.3889014e-03
   1.9057647e+00   5.3305794e-01   7.7177914e-01  -3.4975615e-01   2.9112724e-01  -4.3544271e-01   2.1735478e-01  -9.2446449e-02   1.5031256e-01  -1.2637986e-01   7.2308076e-02  -8.5738023e-02  -4.0857627e-03  -2.2856427e-02
   2.0956728e+00   3.5934959e-01   4.4697967e-01  -2.0389027e-01   2.4696999e-01  -1.6197508e-01   3.6868027e-01   1.2717145e-02  -5.5156459e-02  -1.3405546e-01  -2.1792747e-03   1.1315505e-01   1.5287369e-02  -4.0574836e-02
   1.9306251e+00   3.4334971e-01   9.4170253e-01  -5.7373653e-02  -1.4602354e-01   3.7368304e-01   1.5800757e-01  -5.0876854e-02   2.8572223e-01  -7.5875743e-02   3.8042020e-03  -9.2891312e-02   2.8555541e-02  -3.3629314e-02
   2.2032135e+00   2.6412700e-01   1.7882259e-01   2.1310259e-02   1.1418644e-01   7.9538885e-02  -7.5595660e-03   1.1999683e-01  -9.0211859e-02   7.8611595e-02  -4.7334837e-02  -1.4900201e-01  -3.4755579e-02  -7.4529819e-03
  -1.2578664e+00  -1.7729849e+00   1.3209495e-01   2.9897361e-01  -3.2370949e-01   1.0726399e-01   1.6868920e-02   1.0608330e-01   5.3669315e-02   1.0210590e-01   2.3768237e-02  -9.8721774e-02   1.3009579e-01   3.0498453e-02
  -1.1538603e+00   1.4866039e+00  -1.0067170e+00   5.1072651e-01  -2.4553493e-01  -5.5636091e-02  -1.9294503e-01   2.3693223e-01   4.4386135e-02   9.8619667e-02   9.4318165e-02   4.6496068e-02   5.9366798e-02   4.0411399e-02
   2.0312913e+00   5.0812774e-01   6.2006682e-01  -1.9477249e-02   1.9741591e-01  -1.4427768e-01   3.3189251e-01   2.3681035e-02   2.4044002e-01  -9.3105537e-02  -1.2629381e-01  -5.2397964e-02  -1.6316410e-02   1.0475215e-02
   2.1025527e+00  -2.0605404e-01   1.8790088e-01   3.1036064e-01   3.2242520e-01   4.5998165e-01  -2.5192998e-01   3.8719288e-02   1.1823577e-01   1.4723763e-01  -1.2052832e-02   9.4909357e-02   7.1638976e-02  -1.9953695e-02
   2.0012134e+00   3.9237402e-01   7.4098679e-01  -2.4997048e-01  -2.0757650e-01  -3.6086381e-01   1.9968369e-01  -6.9669396e-02   9.0056171e-02   9.2078828e-02   1.2494004e-01   5.3027215e-02  -7.8756574e-03   3.5421548e-02
   2.0018884e+00   1.1182550e-01   8.9984918e-01  -3.3444644e-01  -1.4011581e-01   1.4068757e-02   9.4591973e-02  -1.2913237e-01   1.0231382e-01  -1.0041207e-01  -3.2840293e-02  -1.0868555e-01   2.6899093e-03   1.0418164e-02
   2.0461530e+00   2.3054111e-01   6.9528129e-01  -1.1875293e-01   2.5828705e-01  -6.2309773e-04   5.5303177e-03  -1.4337123e-01  -2.8966219e-01  -2.5412465e-01   1.5332741e-01   8.9780061e-02   4.7778635e-02  -1.0776948e-01
   2.1438756e+00   4.1933604e-01  -2.5244294e-01   3.2471560e-01   1.9507244e-01  -2.4498042e-03  -1.2683411e-01   8.3743538e-02   4.9103794e-02   3.6013836e-02  -7.2907522e-02   4.9603686e-02   5.0715054e-02   5.2240372e-02
   2.0518900e+00   2.0715009e-01   7.3045345e-01  -1.8858519e-01  -3.0898197e-01  -8.2159646e-02   3.1388622e-01   3.5221259e-02  -2.6656538e-02   2.7838585e-02  -1.7162542e-02  -2.0003746e-03  -5.2050020e-02   3.7032397e-02
   2.0669825e+00   5.6457888e-01   4.0505494e-01  -3.5052438e-01   1.7379714e-01  -7.6177086e-04  -2.1991002e-01  -5.6813750e-02  -1.9000572e-01  -7.5965257e-02  -5.4972451e-02  -1.2107394e-01  -4.6886978e-02  -2.6950797e-02
   2.1090288e+00   4.2332415e-01   1.6000718e-01  -4.8119057e-01  -1.6164943e-01   5.5641086e-02  -1.2469089e-01  -4.2282615e-02  -2.8700341e-01  -4.7931496e-02   5.9324045e-02   4.3534946e-04   8.5302757e-02  -2.3453967e-02
   1.9986925e+00  -4.1800866e-01   2.6200346e-01   3.7745047e-01  -1.7121467e-01   1.7492026e-01  -4.9074274e-01   2.9937356e-01  -3.2655033e-01   2.9598837e-01  -1.9780628e-01  -2.9550540e-02  -5.7545458e-02   5.7901699e-02
  -4.4617047e-01   1.8615281e+00   1.0166703e+00  -3.6512829e-01   3.3313663e-01   1.5961833e-01  -1.3043303e-01  -4.1067319e-02   9.8778028e-02   2.1353340e-02  -3.6053104e-02   4.9513242e-03  -6.2796676e-02  -1.2430054e-02
   2.1564535e+00   2.8109364e-01   4.8156581e-02  -4.4942854e-02   1.0282634e-01  -3.0445618e-01   3.2461337e-01   8.7701552e-02  -2.4174324e-01   5.3118351e-02  -9.0930771e-03   1.0063694e-01   7.4916876e-03   5.0577432e-02
   2.1232242e+00  -1.8174474e-01  -2.1276423e-01   9.2786260e-02   2.2375555e-01  -4.2518858e-01  -2.5847529e-01   8.9998833e-02   3.5811081e-02   3.4026496e-01  -6.6381662e-03   2.7303538e-02  -1.0594231e-02   2.5336580e-02
   2.1383823e+00   1.9739459e-01   4.6673422e-01   1.3745478e-01   5.1528992e-02   1.7530724e-01   1.3368326e-01   7.7183792e-02  -2.8002896e-01   8.0839086e-02  -5.0815590e-02   1.7938384e-01  -1.0979709e-03  -1.7453623e-02
   1.4982470e+00  -2.2202717e-01   1.3296651e+00   6.2965152e-01   4.0751803e-01  -1.4259169e-01   3.3894616e-01   3.2603923e-01   3.6810054e-01   1.5756575e-02  -5.2517298e-03   6.3156937e-02  -1.5867214e-02   1.5321367e-02
   2.0024222e+00   4.5703319e-01  -7.0088193e-01   1.5600212e-01  -4.0315749e-01  -3.5242748e-02   1.5637600e-01   1.2313768e-02   2.9614723e-01   2.9297736e-02  -2.0790684e-02   6.9064916e-02  -3.7453035e-02   5.0448811e-02
   2.0471073e+00   7.3853019e-01  -5.2923473e-01   6.7753213e-02  -3.4449293e-02  -1.9357892e-03   1.0316384e-01   1.8059267e-02   7.7590948e-02   9.8781764e-02   1.5845289e-02  -2.0116059e-02  -1.0206471e-02   1.3192829e-02
   2.0191895e+00   6.1227993e-01   6.7242906e-01  -2.9586451e-01   4.5389655e-02  -1.2120226e-01  -3.4973701e-02  -1.0173176e-02   6.9097588e-02  -1.0056747e-01  -4.5783980e-02   7.3516213e-03   1.3334493e-02   1.6130039e-02
   1.8559583e+00   1.5118832e-01   9.3639541e-01   2.4228996e-01   4.4011411e-01   2.4300857e-01   2.2085610e-01   2.8496296e-01   3.5794226e-01  -2.7853326e-01  -1.3678935e-01  -2.3449041e-02  -8.9252576e-03   2.3623074e-02
   2.1771315e+00  -3.8880565e-02   1.8572783e-01  -2.1817414e-01  -1.9327324e-01  -3.0882047e-01   1.4473702e-01  -2.0266811e-01  -9.8850136e-03  -4.7915921e-02  -4.0761420e-03   1.2490194e-02  -2.2128495e-02  -4.0150077e-02
   2.1997682e+00   2.8099091e-01  -1.9780215e-01  -4.9435204e-02  -5.5042119e-02  -7.9916030e-02  -7.6584191e-02  -1.3046110e-01  -1.0211757e-01   6.7180053e-03  -1.4231735e-01  -7.2733332e-02  -5.0361932e-02  -5.8823336e-03
  -6.3091420e-01   1.8458313e+00  -8.5115028e-01   1.7046284e-01   4.9118994e-01  -2.3732400e-01   1.0297141e-01  -4.3008588e-03  -1.9997539e-01   1.7574404e-01   1.8754754e-01  -1.4403458e-01  -8.3909452e-02   1.3207484e-02
   2.0701664e+00   5.6433458e-01  -4.5621579e-01   3.7393050e-02  -2.5808097e-01  -8.2384058e-03   1.5338468e-01  -1.8274835e-01   2.6666272e-01   7.1537012e-02  -6.0320406e-02  -8.1292469e-02  -6.0606361e-02   5.2820735e-03
   2.1402346e+00   4.0142875e-01   4.3380669e-01  -2.4610691e-01   1.3087567e-01  -1.6246838e-01   7.5976587e-02  -3.7176729e-02  -6.6025835e-02  -3.9477137e-02  -1.4520659e-03   1.7285446e-02  -1.0515733e-02   1.1037021e-02
   1.9115366e+00   2.6207532e-01   9.8105966e-01  -5.0870381e-02  -1.2161838e-01   2.5797934e-01   1.3747241e-02  -1.1007167e-01   4.7867000e-01  -1.9241766e-02   3.0151174e-02  -8.0718941e-02   6.7477241e-02   2.1746017e-02
   1.9557024e+00  -1.4010778e-01  -1.0986850e-01   3.1691000e-01   8.0047388e-01  -2.0977268e-01  -2.2499143e-01   4.3299412e-01   1.7307175e-01   1.7525908e-01   9.8287703e-02  -2.2408109e-01   1.2156876e-01  -1.3287956e-02
   2.1255141e+00   1.3613156e-01   3.8630611e-01  -1.0214911e-01  -7.0334259e-02   3.2345433e-01  -3.5100310e-01   2.3032135e-02  -2.7775921e-01   1.1648077e-01   4.1323110e-02   9.4951377e-02   7.8946353e-03   1.6025449e-02
   1.9927764e+00   3.2685159e-01   8.4468606e-01  -2.5331307e-01  -1.0051878e-01   1.9177214e-02   3.4213172e-01  -1.2071271e-01   3.7106787e-02  -5.8843857e-03   8.5542394e-02   1.1130617e-01  -2.9253672e-02  -5.5406009e-02
   2.1412953e+00   2.0583906e-01  -2.6578277e-01  -2.4069922e-01  -3.0606441e-01  -3.1189081e-01  -2.3327859e-01   2.0158127e-02   8.0783004e-04   7.6601144e-02  -1.3428447e-01  -6.9731672e-03  -8.4971591e-03  -3.6520517e-03
   2.0603625e+00   4.2904249e-01   2.5440272e-01  -5.1546769e-01  -6.1624196e-02   4.0797634e-02   2.1163538e-01   6.1206091e-03  -4.2747864e-01  -1.5065286e-01  -1.2123351e-03   3.3883703e-02   3.9448499e-02  -7.0529097e-02
   1.9655440e+00   3.1416492e-01   6.6237610e-01  -3.7416383e-01  -4.7197723e-01  -3.9480827e-01   9.7159854e-02   1.2207708e-01   1.1734802e-01   4.9669449e-02   1.2757249e-01   1.7419822e-01  -4.9573196e-02   9.3857440e-02
   2.0632828e+00   2.8273226e-01  -6.0914634e-01  -1.2055977e-01  -3.0529315e-01  -2.2849131e-01  -3.3687811e-01   2.6925610e-03  -5.2433330e-02   1.0902435e-01  -1.5931707e-01  -3.3982284e-02   1.3972821e-02  -3.3530583e-02
   1.5460265e+00   3.9440951e-01  -1.2914859e+00   8.6770422e-02  -6.8478918e-01   3.6784438e-02   3.8575691e-01   6.1293045e-02   2.0534177e-01  -3.3984085e-01  -3.0382810e-02   7.8042277e-02  -5.0090579e-02  -1.2195737e-02
   1.8353985e+00  -2.6390094e-01   6.9371205e-01   2.3037673e-02  -3.8990658e-01  -4.9811997e-01   1.6397342e-01  -7.7526527e-02   6.9770516e-01  -2.0874297e-01   5.1509669e-02  -3.3707488e-01   7.6034849e-02  -5.9006206e-02
   2.0178509e+00  -1.8259639e-01   1.0046716e-01  -2.4631862e-01   1.3339482e-01  -2.5146768e-01  -8.1026531e-01  -2.4525723e-01   1.3960652e-01   5.6059703e-03  -4.7036448e-02   8.9378219e-02  -4.5466460e-02   8.4436197e-02
   1.9863083e+00   4.2422825e-01  -4.9812453e-01   4.9776835e-01   3.5498942e-02   5.5854586e-01  -7.9517190e-02  -1.6864556e-01   1.5934038e-01   1.0709963e-01  -6.7518266e-02  -3.7761318e-03  -7.1243571e-02  -4.8598724e-02
   1.8691438e+00   2.7424229e-01   9.7649998e-01   2.4085180e-02  -5.3482507e-01   1.0534659e-01   2.2944672e-01   1.4970924e-01   7.3640940e-02  -5.7677741e-02  -2.3770382e-01  -2.2379599e-01  -2.1637954e-02   3.6011129e-02
   2.1562566e+00   2.7799567e-01   4.2384136e-01  -1.8103425e-01   2.1267022e-01  -2.0287542e-01   5.1344597e-02   4.2409023e-02  -4.8961934e-02  -6.6104275e-02   8.6774875e-04   1.3496564e-02   1.0592497e-02  -3.9997133e-02
   2.1099486e+00   3.2508430e-01   5.7629806e-01  -2.8535166e-01   6.9695754e-02   6.8003640e-02   4.6856862e-02  -4.2065998e-02  -1.3753054e-01  -5.5516689e-02   1.0473501e-01   1.2564065e-01   1.5632782e-03   1.2201212e-02
   1.7198151e+00   3.4990716e-01   1.1132970e+00  -1.7081472e-01  -6.3554753e-01  -1.4240419e-01   3.9150774e-01   1.0299884e-01   2.5979562e-01   3.1228735e-02   4.3269775e-02  -3.5123933e-02  -8.3738718e-03   5.8534862e-02
   2.1590770e+00   3.2322675e-01   9.5193601e-02  -2.6893321e-01   2.1285411e-01  -2.8138241e-01   1.0767886e-01  -1.0098108e-02  -1.9682424e-01   1.1095860e-01  -6.9233641e-03   1.5299511e-02  -3.3814386e-03   5.6995290e-04
   2.0635811e+00   4.0315952e-01   6.6781599e-01  -2.6625231e-01   1.0294254e-01   7.7153372e-02   4.5268772e-02   3.7373610e-02  -2.0528335e-02  -1.8676552e-01   1.5341920e-01   9.3491185e-02   7.0916998e-02  -1.6354144e-02
   2.1725743e+00   3.4894033e-01   2.2906925e-01  -2.5705374e-01  -3.7385656e-02  -2.0504873e-01  -1.4676182e-01  -2.8283837e-02  -1.2492641e-01  -3.5737434e-02   5.6633086e-02  -8.9209198e-03   5.3525171e-02  -2.6349355e-02
  -1.9547718e-01  -9.7141107e-01  -3.5287202e-01  -1.7431492e+00   3.2640884e-01   6.6228853e-01   1.8272867e-01  -2.0477819e-01   2.4923012e-01   2.6113815e-01   3.0062243e-01   1.0963085e-01   1.5749464e-02   2.3787312e-02
   2.1267361e+00   2.4740376e-01   5.2827614e-01  -9.2341459e-02   2.5580657e-01  -2.2271608e-01   1.3987104e-01  -7.7015046e-02  -1.1126317e-01  -1.0473415e-02   2.0468348e-02   4.9912856e-03   3.8872926e-02  -2.0246724e-02
   2.1179817e+00   3.7789023e-01  -3.9832080e-02  -1.2248420e-01   6.4961158e-02  -3.3086989e-01  -3.9763635e-01   3.3192017e-02  -2.5075951e-01   7.4086809e-02  -1.1049708e-01  -1.2374608e-01  -9.2690004e-02   1.2811427e-02
   1.5334337e+00  -1.6063683e-01   1.0671944e+00   4.3051177e-01  -6.5495062e-01   5.5437532e-01   3.4192751e-01   3.9009412e-01  -4.1765001e-01   2.8070410e-01   1.0463443e-01   1.3759594e-01  -2.3032635e-02   1.2919230e-01
   2.1001433e+00   5.9104935e-01  -3.5922375e-01   2.6384130e-02  -1.9662398e-02  -2.4952837e-01   1.9045099e-02  -1.2221093e-01   1.4066382e-01   1.9838923e-01  -8.0973196e-02  -2.7149615e-02  -1.6555618e-02  -2.3011855e-02
   2.0255560e+00  -1.4767802e-01   6.0568865e-01   4.9746127e-01  -2.0205822e-01   3.2861962e-01  -1.9939319e-01   8.3736087e-02   8.6890646e-02   2.8280227e-01   4.5148556e-03  -3.2298740e-02   3.9013759e-02  -1.1879590e-02
   4.0140375e-01   2.5888651e-01   1.2634097e-01  -4.1228687e-02   5.9901166e-01  -9.2679567e-01   8.2106287e-01  -1.5236111e+00  -1.4424791e-01   6.8807799e-01  -3.4249353e-02  -1.5686232e-01  -1.3454640e-01  -1.0383323e-03
   2.1830983e+00   3.4876599e-01   2.3718787e-01  -2.0781948e-01   4.6163527e-02   8.7824224e-02   1.2794868e-01  -4.4450980e-02  -1.1935243e-01  -1.1615551e-01   7.2017585e-02   1.0829095e-02   2.7780311e-02  -1.0043813e-02
   2.1072572e+00   2.8797574e-01   5.9668089e-01  -2.5459725e-01  -2.0081156e-02   2.1410869e-01  -1.1924796e-01   6.7103053e-03  -1.3376121e-01  -1.1239295e-01   1.8898169e-02   2.2522516e-02   2.8707990e-02   1.1834904e-02
   2.1553763e+00   2.3467809e-01   3.5123559e-01   1.7876301e-01   2.8848957e-01   1.3313646e-01  -1.3085962e-01  -1.1585228e-02  -6.9489296e-02   2.0634335e-01   3.3528383e-02  -5.6561852e-03  -1.6565349e-03   4.2504397e-02
   2.0022556e+00   2.5881741e-01   7.6127492e-01  -3.1592576e-01   6.9400174e-03  -3.0373381e-01   4.1384528e-01  -2.5479500e-02   2.9925428e-02   1.9876812e-02   1.3403963e-02  -3.2608829e-02   1.6536906e-02   2.5272860e-02
   1.3936020e+00   1.3610102e-02  -1.0331906e+00   6.7198266e-01   2.5868050e-01   7.6481116e-01   3.8507432e-01  -1.0017485e-01   3.2810125e-01   5.6368203e-01   1.3897363e-01   1.5266193e-01   4.9766475e-01  -1.3151467e-01
   1.9305569e+00   3.0365004e-01  -8.8598036e-01   4.1141628e-01   1.1260158e-01  -1.3854402e-01   3.9865295e-01   7.8221172e-02  -1.8714341e-01   1.4522720e-02  -3.2281097e-02   8.8547760e-02   5.4222688e-02  -1.4807975e-02
   2.0365037e+00   3.0229601e-01   7.6857645e-01  -3.3592738e-01  -1.6050746e-01   2.4422463e-03   1.5048487e-01  -1.0256149e-01  -9.8597204e-02  -1.0469625e-01  -3.5393842e-02   6.3144208e-02  -2.8679200e-02  -2.2665001e-02
   1.8327833e+00   1.2278364e-01   1.0315957e+00   4.3294812e-01  -4.7057957e-01   1.1492318e-01   3.2397791e-01   4.8701212e-02   7.1840732e-02   1.2007381e-01  -1.3492320e-01  -7.5244101e-02  -7.3998665e-02  -1.2446769e-03
   1.9205463e+00   1.2334082e-01   8.1164346e-01   2.9114560e-01  -2.5840518e-03   4.8846162e-01   2.3513195e-01  -1.7739949e-01  -4.8524301e-02  -1.6227304e-01   2.0860695e-01   1.9781910e-01   1.9671833e-02  -3.5261782e-01
   2.1042656e+00   2.9084671e-01   3.0253315e-01  -5.1802649e-01  -1.9019537e-02  -2.9697270e-01   6.1382003e-02   9.8208650e-02  -2.1217060e-01   5.4400499e-02  -4.1899226e-02   8.9850685e-03  -1.9261113e-02   3.7533138e-02
   1.9361280e+00   3.5877015e-01  -7.9377361e-01  -4.1465049e-02  -6.5183085e-01  -2.1627986e-01  -1.0408282e-01   3.6548242e-02   8.7386466e-02   6.3627280e-03  -6.1665341e-02  -6.1975265e-02   7.9440659e-02  -5.6956493e-02
   1.9459802e+00   8.3762564e-01  -4.7841486e-01  -1.2384052e-01   1.2028791e-01   2.4132542e-01   1.4662385e-01  -3.6518008e-02   3.4347330e-01   9.4700613e-02   1.5670290e-04   1.8729273e-01   1.5443909e-01   4.0584427e-02
   2.0819022e+00   5.1480293e-01  -4.8205775e-01   3.7091252e-02   7.5616999e-02  -2.0478018e-01  -8.5414046e-02   2.3734298e-01   2.4446753e-01   4.3832767e-02  -4.4803473e-02  -1.2517001e-01   5.5175461e-02  -8.4571916e-03
   2.1070211e+00   2.2171368e-01  -5.6329386e-01   3.5587612e-01  -4.2247843e-03  -2.0548092e-01  -1.1631555e-01  -2.6733726e-02   1.0598232e-01   1.3509092e-01  -9.4746465e-02  -2.9706563e-02  -1.0895603e-02  -1.6426424e-02
   2.1420571e+00  -3.1498483e-02  -1.5535331e-01   2.9106843e-01  -3.9345777e-01   1.3656202e-01  -3.3820452e-01   4.6853905e-02  -1.4898155e-01   1.1003799e-01  -3.7111116e-02  -2.2251255e-04  -3.4959136e-02  -2.4827757e-02
  -6.1022205e-01   1.5723195e+00   1.2597465e+00  -1.7843379e-02  -3.6762142e-01   5.4920811e-01  -1.4003745e-01  -6.7220060e-02  -1.8211704e-01  -2.3280848e-01   6.4650655e-02  -1.0801432e-01  -5.1051744e-02  -7.8202740e-03
   1.7807106e+00   1.0575558e-01   1.0804767e+00   4.2387268e-01  -2.9060333e-01   2.5702855e-01   1.3266329e-03   2.9279756e-01   4.3528103e-01   1.9395002e-01   4.0204973e-03  -9.1555671e-02  -3.4982362e-02   8.4126204e-02
   1.8618444e+00   1.8659282e-01   1.1561080e+00   1.0390899e-01  -7.4508446e-02   2.4268281e-01   2.9572064e-01   7.8411319e-02   3.8760443e-02  -9.4226136e-02  -6.2036414e-04   7.4750942e-03  -1.9852998e-02  -1.0891973e-02
   2.1122814e+00   4.6270507e-01  -4.8545070e-01   2.7703410e-01  -1.6911248e-01   9.1403772e-02  -5.9461048e-02   2.9575345e-02   2.2851796e-02  -6.1263158e-02  -4.7697684e-02  -2.3261427e-02  -2.5701095e-02  -3.6504959e-02
   2.1012571e+00   6.3431726e-01   3.2947266e-01  -1.7277332e-01   1.4790774e-01  -8.0378123e-02   2.0669704e-01   6.0016232e-02  -6.7575106e-02  -5.9715727e-02   1.4594551e-02  -2.2752183e-02   2.1533793e-02   2.2233591e-04
   2.0839416e+00  -3.1228418e-01   1.7082376e-01   5.2462110e-01   1.8940688e-01   3.3577724e-01  -2.9489015e-01   1.1577553e-01  -7.6214206e-02   1.1388112e-01   2.0766020e-03   9.4470509e-02   3.3816638e-02  -1.2441428e-02
   2.0997506e+00   4.9488666e-01  -4.3752025e-01   9.1321568e-02  -3.1913329e-01  -1.1940627e-01  -9.5983133e-02  -2.5866109e-02   1.8894954e-01   4.2608582e-02   1.6053120e-02  -9.8401572e-02  -5.9885493e-02  -1.0104853e-02
   1.9774234e+00   2.3612278e-01  -7.8322311e-01   4.2118442e-01  -4.5291542e-01   7.8542093e-03   1.0815819e-01   7.8016240e-02  -1.2070672e-01   1.0396336e-01   4.2802359e-02  -3.4488148e-02  -1.1177208e-01   1.7664605e-02
   2.0257352e+00   4.3933354e-01   7.0201707e-01   1.3649141e-01  -5.1957608e-02  -6.9149288e-02   3.3573551e-01   1.5200211e-01   2.0861604e-01  -9.5274573e-02  -1.2517289e-01  -5.3682038e-02   1.1488480e-02  -4.0452650e-02
   1.9139276e+00   6.5495102e-01   7.6787575e-01  -8.3435076e-02  -1.7848435e-01  -3.4759799e-01   2.4974841e-01  -6.0576367e-03   3.2435614e-01   2.7100409e-02   1.6986494e-02  -8.5663206e-02  -5.5612654e-02   1.2946395e-02
   2.0003467e+00   6.8594157e-02   8.5642339e-01   1.6475987e-01  -6.2078590e-02   1.8176005e-01   2.8685994e-02  -6.8669011e-02  -4.0566087e-01   1.6954388e-01   1.0209858e-01  -6.6434771e-02  -4.0115081e-02  -3.3062214e-02
   2.0918066e+00  -8.5416229e-02   6.5382490e-02   1.0918588e-01   7.4905804e-01   1.1394898e-01   4.3844127e-02   3.7451469e-02  -1.3970506e-01   5.7233669e-02  -4.6309030e-02   1.2212374e-01  -3.0124705e-02   1.8895433e-02
   2.0818772e+00   4.9504648e-01  -4.5727502e-01  -2.7864728e-02  -2.5467238e-01  -3.4060098e-01  -1.4906512e-01  -6.1451171e-02   1.9412456e-02   1.6409214e-01  -4.6372978e-02   2.7134458e-02   4.3583678e-02  -1.6237233e-02
   1.8187351e+00  -4.8273445e-01  -2.1150075e-01   5.0523115e-02  -9.1545783e-02  -7.5890134e-01  -8.5063635e-01   4.9230962e-02  -2.9162375e-01   8.9831268e-02   1.0874363e-01   4.7394348e-02   7.3817277e-02  -2.1581268e-03
   1.9598686e+00   5.4002165e-01  -6.7279139e-01   5.6261839e-01  -2.8642656e-02   1.1706543e-01   4.9371818e-02   6.0828781e-02   2.1496896e-01   1.8637186e-01  -8.4455934e-02   2.7676554e-02   7.1523253e-02  -4.8010239e-02
   2.0411161e+00   7.1771698e-01  -3.9254924e-01   2.1693624e-01   7.0812597e-02  -2.7127578e-01   1.0151801e-01  -8.0838697e-02   1.3708391e-01   8.9043850e-02  -1.2423029e-01   2.3741327e-02  -6.3995627e-02  -6.2069406e-03
   1.9301985e+00   3.6004165e-01  -8.6977428e-01   5.0374765e-01  -2.7045508e-02  -1.4959166e-01   1.1294202e-02   7.0850022e-02   1.5833010e-01   2.9993934e-01   4.2422607e-02   4.7467276e-02   7.8298013e-02  -5.3690993e-02
   2.1368591e+00  -1.1682562e-01  -8.4515664e-02   3.7768550e-02  -3.9295527e-02  -3.4245708e-01  -5.3129429e-01   1.3841091e-01  -1.4130931e-02   1.3235580e-01  -1.9230011e-02   4.6268192e-03  -6.2025210e-03  -1.6688940e-03
   2.0946213e+00   1.4166920e-01  -6.4517341e-01   2.6152948e-01   1.4300601e-01  -1.6717315e-01   1.9723097e-01  -1.1766020e-01  -3.4053651e-02   4.1602380e-04  -1.2245032e-01   1.0776309e-01  -8.0853327e-02   3.4500154e-02
   1.8289538e+00   1.5025156e-01  -8.5119713e-01   5.9974983e-01  -5.8095840e-01   1.6164974e-01   9.9533405e-02  -2.9101672e-02   1.8007191e-01   3.7345888e-01   1.0432934e-01   1.6330981e-02   5.9162639e-02  -6.4799836e-02
   3.8795194e-01  -9.6373120e-01   8.4577895e-01  -1.4855044e-01   2.0560851e-01   1.0356549e+00  -1.2509245e+00  -2.5075413e-01   1.9369486e-01   8.0878522e-02   8.6802987e-02   6.0872530e-01  -1.0028816e-01   8.5705199e-02
   1.9295104e+00   1.5393686e-02   8.8469381e-01   3.3994119e-01   7.0505598e-02   4.1853617e-01   1.8712422e-01  -6.2306084e-02  -3.7750717e-01   2.6229689e-02   1.3326209e-01   6.3413377e-02  -7.7699065e-02  -5.0250378e-02
  -9.6464282e-01   1.8292750e+00  -3.7148693e-02   6.3349430e-01  -3.7160037e-01   3.6696829e-01  -1.1704898e-01   6.8499343e-02  -1.0926698e-01   8.5551218e-03  -5.6816066e-02   8.0620507e-02   8.6455215e-02   3.4741037e-02
   2.1223098e+00   3.9240273e-01   5.1200376e-01  -2.4908476e-01   1.8962680e-01   1.4378350e-02   1.0818482e-01  -3.4811459e-02  -4.7196453e-02  -1.0329386e-02   3.1560927e-02   4.7534176e-02   2.1510852e-02  -1.6324186e-02
   1.6522773e+00   7.4564144e-01  -5.7369908e-01  -9.2682692e-01  -2.9700161e-01   3.2738871e-01  -4.0429665e-01  -8.9203602e-02   2.5562301e-01   1.3124737e-01   1.6909202e-01  -2.3389543e-01   2.1562503e-02   3.3450183e-02
  -6.0627184e-01  -5.3780890e-01  -8.6894475e-01  -1.5042367e+00  -3.4271899e-01   8.4292742e-01  -4.0572566e-02   3.4588791e-01   5.7783467e-01  -1.9814597e-01  -3.1775840e-02  -7.5452020e-03   1.9030675e-03   4.8431220e-03
   1.9185951e+00  -2.5083968e-02  -7.3877471e-01   4.0934564e-01  -7.4792426e-01  -1.3963198e-01   7.6143531e-02   1.1508341e-01  -4.2473864e-02  -1.1082786e-01   5.3854746e-02   7.6697025e-02   1.3020301e-02  -1.7844931e-02
  -8.1241975e-01   1.7510289e+00   5.7916841e-02   4.8239427e-01   7.8067521e-01  -2.8247446e-01  -1.6010727e-01   4.0522592e-01   1.1518246e-01  -6.1407810e-03  -3.1257404e-01   1.8589825e-01   1.1076042e-01   1.6712634e-02
   1.6834901e+00  -6.3104960e-01  -1.7478443e-01  -7.6622918e-01   6.8218716e-01   5.7855757e-01  -3.3080354e-01  -4.1645963e-01   1.9823076e-02  -2.7545877e-01   3.1158566e-02   2.3802278e-05  -4.6876387e-02   1.2181567e-02
  -8.4493658e-01   1.6590421e+00   9.2889127e-01   1.1756804e-01  -1.0981522e-01   6.5529991e-01   1.9890191e-01   2.5597747e-01   9.0838625e-03   5.5275756e-02   3.0708090e-01   1.7188050e-02  -9.8640368e-02  -3.6800914e-02
   1.9635473e+00  -6.7211527e-01   1.8826608e-01   5.5657672e-02   5.3341657e-01   1.0126946e-01  -3.2006890e-01  -1.5082023e-01   9.7628618e-02  -3.3411445e-01  -2.4214136e-01   2.3533593e-01  -4.3359225e-02   9.8973952e-02
  -1.1215126e+00   1.6971720e+00   7.1463765e-03   3.6764261e-01  -6.3904015e-01   3.2267256e-01  -5.5814663e-02  -1.4722958e-01  -2.1525525e-01   1.5800170e-01  -2.5221412e-01   1.9602151e-01   1.0247155e-01   6.3800875e-02
  -1.1580663e+00   1.6845663e+00  -1.4191713e-01  -1.5496016e-01  -4.4509735e-01  -4.8332515e-01  -5.2249497e-02   3.9477287e-01  -4.1050249e-01  -1.3770040e-02  -8.0433403e-02   7.3507375e-02   7.2421124e-03  -8.2705614e-02
   1.5254533e+00  -5.7990550e-01  -1.1384422e+00  -4.5196184e-02  -1.4882033e-02   8.7380349e-01  -4.2730923e-01  -1.2510486e-01  -2.8607566e-01  -5.9527387e-02  -1.8355939e-02   4.3685886e-03  -2.1493489e-02   3.8754494e-02
  -1.1867998e+00   1.4488037e+00   3.7398123e-01   1.3871056e-01  -5.1524418e-01   2.7566594e-01  -6.6930215e-01  -1.5175402e-01   1.8178484e-01  -1.0077371e-01  -6.6391375e-01   1.4322577e-01   1.2981425e-01  -6.0597291e-03
  -3.0062434e-01  -7.3785335e-01  -1.2617805e+00  -1.6130779e+00  -5.0987195e-03  -6.6842077e-02  -1.8035763e-01   2.8661800e-01   2.5404352e-02   6.4884951e-02  -2.0302405e-01   5.5150813e-02   7.3514256e-03  -4.3920835e-02
  -1.6181698e+00  -1.2379072e+00   2.4480424e-01   3.3637927e-01  -2.7287570e-02  -2.4012954e-01  -3.3259082e-01  -6.4837109e-01  -2.0579460e-01   1.5895074e-01  -4.8506823e-02  -6.8548117e-02   1.0468557e-01   7.8565324e-02
  -4.3928187e-01   1.9595364e+00   7.4868777e-01  -4.3624654e-01   1.3991911e-01  -3.9418843e-01   3.9314609e-02   9.2332486e-03   1.2593264e-01  -9.4302506e-02  -8.8004551e-02   8.8486732e-02   7.9959175e-03   4.2834751e-02
   1.8123957e+00   9.3581248e-02  -2.5048257e-01   5.1263030e-01   8.9739811e-01   3.6129933e-01  -2.8184580e-01   4.2111703e-01  -3.4225000e-01   3.2391551e-02  -1.3323727e-01  -2.3935483e-01   4.0243087e-02   5.4858599e-02
  -1.1940955e+00   1.6528986e+00  -1.8804781e-01   5.4408653e-01  -6.1812782e-02   5.0067465e-01  -4.3970418e-01  -4.4158470e-02  -7.3825906e-02  -1.4594004e-01   1.6847904e-01   3.9746416e-02   3.8291472e-02   5.8253611e-02
   1.9777379e+00  -3.4098500e-01  -2.0348650e-01  -2.7884209e-01   3.5593152e-01  -2.1277823e-01  -6.5355462e-01  -2.5543744e-01   3.0621120e-01  -9.7315799e-02   2.7303123e-01   6.3325485e-02   1.3969590e-01  -2.6149983e-02
  -4.0231403e-01   1.9548893e+00  -7.4189164e-01   6.2240137e-02   1.4183199e-01  -5.5815570e-01  -1.7821303e-01  -1.9350195e-01   6.8184417e-02   6.7554085e-02   1.4356016e-01  -1.0781232e-01  -1.4519670e-01   2.1565172e-02
  -9.5475268e-01   1.6149319e+00   1.5330690e-01   1.3346917e-01   4.7822848e-01  -5.8875580e-01  -2.1766539e-01   6.2030007e-01  -6.0914058e-01  -2.9577155e-02  -1.7473888e-01   7.1849828e-02  -4.4752898e-02  -1.4335903e-01
   1.5332586e+00  -9.9007981e-01   1.1037242e-01   1.1028832e+00  -2.4109428e-01   1.2845146e-01  -5.7350115e-01  -9.8948998e-02  -1.2710863e-01   1.7441834e-02  -2.2906956e-03   5.6114057e-02  -1.2687006e-01   5.6168614e-03
  -6.4765236e-01   1.9872155e+00   4.9974782e-01  -2.9779051e-01   2.5418850e-01  -2.7643116e-01   3.7632198e-02  -2.3811058e-01  -3.0105727e-01  -5.1128598e-03   1.6162316e-02  -5.0260548e-02  -2.9833756e-02  -4.1531157e-02
   1.9659731e+00   3.3688382e-01  -7.3025546e-01   1.9975436e-01  -1.4853412e-01   4.8955437e-01   2.1468809e-01  -1.2853326e-01   3.6431345e-01  -5.7202115e-02  -2.3956007e-02   1.0646742e-01   6.8755014e-02  -7.4798749e-03
  -1.3743860e+00  -1.5998852e+00   2.8154788e-01   5.1556912e-01  -2.9364427e-01  -2.3512724e-01   1.9584184e-01  -1.2360747e-01  -9.4220838e-02  -3.4337839e-02  -4.1162596e-02  -1.6505133e-02   4.9417576e-02   2.1024391e-02
  -1.3557547e+00  -1.4528738e+00   4.9086767e-02   6.7210653e-01  -3.6061024e-01  -2.5380169e-01   9.1316885e-02  -4.6707398e-01  -3.6211549e-01   9.5998310e-02  -1.6483669e-01  -5.7073030e-02   5.1701156e-02  -5.5086163e-02
  -8.5979865e-01   1.8445628e+00  -6.7488978e-01   3.2401844e-01   4.2967946e-01   1.4266994e-01  -1.5766346e-01   2.2607791e-01   1.0620284e-01   7.4271216e-02  -2.7389120e-02  -2.5901231e-02  -1.0877430e-02  -2.5743722e-02
   1.5938019e+00  -1.5787052e-01  -2.9871270e-01  -1.0617622e+00   5.5055955e-01   5.4970953e-01  -4.8815434e-01  -4.4916747e-01  -5.7185122e-03   7.5310696e-02   6.5701177e-04  -2.7664834e-01   2.8734093e-01   1.1728486e-01
  -1.3806911e+00   1.5929742e+00   8.7595295e-02   3.6620089e-01  -1.3902680e-01   5.7133149e-01  -6.9686107e-02  -7.3254588e-03   9.7772613e-03   5.5548471e-02   2.3090306e-01  -5.3467154e-02  -6.6297476e-02  -4.2195321e-02
  -1.1052783e+00   1.3672263e+00   1.0183662e+00   1.1556057e-01  -7.5823359e-01   1.6023774e-01  -3.7156717e-01   7.2060058e-02   6.1335490e-02  -7.7445738e-02  -2.7526414e-01   1.6627568e-01   8.3302892e-03  -2.9647519e-02
   1.0683620e+00  -8.8435358e-02   1.3846298e+00  -1.1001508e+00  -2.9407741e-01   5.2686501e-01   9.6388201e-02   3.6094787e-01  -1.6890596e-01   2.0291140e-02  -3.6515457e-01  -2.1016026e-01   1.1630608e-01   4.9572525e-02
   1.4368865e+00  -1.0512476e+00  -1.2461410e+00  -2.4466380e-01  -3.6126623e-02  -1.9102490e-01  -4.3124136e-02   1.0831269e-01  -2.9044017e-01  -2.4194003e-01   8.9040822e-02   4.2928540e-02  -1.3785239e-01  -2.4577368e-02
   1.6101697e+00   3.6422060e-01  -1.2939660e+00  -2.5540884e-01  -3.8733975e-01   5.1718352e-01   2.2081221e-01  -2.0844076e-01   5.7888174e-03  -2.7084336e-02   1.6223576e-01  -3.6900824e-02   9.3005255e-02   4.9492383e-02
   1.5750529e+00   3.3940256e-01  -1.3399894e+00   5.1231109e-01   2.6805470e-01   2.4727749e-02   2.6510877e-01   2.3676666e-01   1.2920939e-01  -2.4905815e-01   1.8055293e-01   1.1125944e-01   3.0369025e-02   1.7180148e-01
  -8.8722551e-01   1.9624859e+00  -3.1778895e-01   3.6733711e-01  -2.5746581e-01   7.5487701e-02  -1.1702934e-01  -8.4742775e-02   8.4612249e-03   2.1456089e-03   1.7997047e-01   1.4055794e-02   2.9601555e-02   9.3553115e-03
  -1.2054355e+00   1.5013013e+00   8.6240700e-01   4.3969511e-01  -4.5264621e-01   1.1323830e-01  -2.6235864e-01  -1.3625219e-01  -5.3233466e-02  -8.9737497e-02  -1.6679166e-01  -1.1420368e-01   4.8576341e-03   8.5383135e-04
  -5.8133572e-01  -2.0668567e-01  -1.4503954e+00  -1.3096447e+00  -4.7449158e-01   6.2843064e-01   7.1684143e-02   2.0952453e-01   9.5250765e-02   3.4539741e-02   3.0119572e-01  -1.0290963e-01  -1.2576133e-01  -5.3714712e-02
  -3.3376044e-01  -7.2113182e-01  -5.5711616e-01  -1.1047181e+00   8.7382641e-01   5.9645890e-01   3.4649653e-01   1.1023493e+00   4.2362854e-01  -5.8178768e-02  -2.5706383e-01   3.8834618e-02  -3.5352508e-01  -7.0768209e-02
  -6.5022745e-01   1.8511544e+00   9.5255320e-01   3.8492839e-02  -3.6649226e-01  -1.7178092e-01  -8.5429374e-02  -2.1979266e-01  -1.1572997e-01  -1.5228396e-02  -8.1128675e-02  -4.9572242e-02  -1.1644025e-02  -7.9698038e-03
   1.8383674e+00  -7.0391502e-01  -3.7416760e-01  -8.9526990e-02  -2.9856142e-02  -6.6442904e-01  -6.2847743e-01  -1.5632127e-01  -8.0969197e-02   2.2553939e-01   2.0550601e-01   1.3627337e-01  -6.1219137e-02   8.1910620e-02
   1.8458439e+00   4.7845473e-01  -1.1061313e+00   3.6409001e-01   2.1254889e-02  -7.9609440e-02   6.5839410e-03  -7.0024022e-02   4.0379918e-02  -6.8809179e-02   5.4112215e-02   5.6717130e-03  -5.5029083e-02   3.1211571e-02
   1.5333674e+00  -1.1600697e+00  -5.0405688e-01  -2.5137373e-02  -1.8339324e-01   4.8791307e-01  -4.3831584e-01  -1.3773421e-01   4.6834614e-01  -3.2326631e-01   4.2408383e-01   1.4396065e-01  -2.0117559e-01   9.0588779e-02
  -8.0051801e-01   1.9296224e+00  -5.0230947e-01   2.7857805e-01   3.8960237e-01   3.3484520e-01  -3.4029418e-02  -8.7463151e-02   9.5791709e-02  -1.1920262e-01   9.9826354e-02  -1.2381113e-02  -3.7669323e-02   1.0370609e-02
  -1.0998769e+00   1.7603241e+00   3.5255257e-01   5.4285361e-01  -2.3398845e-01   2.4658778e-01  -1.3029127e-01  -1.1355573e-01  -6.0462899e-02   5.3678320e-02  -3.3282060e-01   2.2144519e-02   9.2846242e-02  -3.6207274e-02
  -6.9397004e-01   2.0664629e+00  -4.0112910e-01  -8.5070631e-02  -2.4181535e-02  -2.1633053e-02  -9.2661280e-02  -2.1060769e-01   2.0728555e-02   3.7568002e-02  -1.0363717e-01   9.7430456e-02   8.3772239e-02   1.3807989e-02
  -9.3474396e-01   1.8466816e+00  -4.1803534e-01   5.7889893e-01   1.4526355e-01   1.8160338e-01  -2.5993491e-01   2.0732426e-01   1.0965909e-02   4.1314111e-02   1.2098687e-01  -1.3138564e-01  -7.9945654e-02  -4.7196929e-02
  -7.3193728e-01   1.9457588e+00   1.9590668e-01   3.7663061e-02   6.8711101e-01  -2.8518055e-01   1.0729122e-01   6.7906970e-02   1.3209995e-01   2.0971576e-01  -4.5463512e-02   7.7162997e-02   6.5989433e-03  -2.1163135e-03
  -5.9849556e-01   1.8246470e+00   6.4019592e-01  -6.9270774e-01   3.1615268e-01   2.1542286e-01  -4.1381650e-01   5.3985230e-02   1.5750826e-02  -2.8352391e-01   7.1079932e-02  -7.1904162e-02   9.3491589e-02   6.4595616e-02
   1.3061327e+00   6.1502168e-02  -1.5876811e+00   4.2900292e-01   2.6116737e-01   4.3590716e-01   3.6581642e-01  -3.0276884e-01  -1.0754146e-01  -2.7977284e-01  -3.5161368e-02  -9.5939353e-02  -8.7339432e-02  -9.8662499e-03
   2.1013492e+00   6.3075918e-01  -3.9284171e-01  -9.1034655e-02  -3.2925840e-02  -1.6377202e-01   4.9602754e-02  -1.3782584e-01   5.5296578e-02   6.3451421e-02   4.9243101e-02   6.6840754e-02  -3.4351056e-02   1.5755418e-02
   1.7690410e+00  -1.1471805e-01  -3.2892683e-01  -4.9742292e-01   1.6435526e-01  -2.4136439e-01   9.2757124e-01   3.1789761e-01  -5.9675579e-01  -8.1609043e-02   1.3801590e-02   2.1854304e-01   2.2441536e-01   1.0073858e-03
   1.8643539e+00   2.8154121e-01  -2.2800334e-01  -2.9378524e-01   9.7309598e-01  -9.3085240e-02   4.8544882e-01   8.6644546e-02  -7.9900417e-02  -1.5727854e-01  -1.4807943e-01   1.8581825e-01  -2.1653096e-02   1.7204613e-01
  -7.6561080e-01   1.4002840e+00  -1.1365077e-01   8.1597103e-01   1.1204140e+00  -1.3288567e-01  -5.0586479e-01   3.9598674e-01   2.2542199e-01  -1.5585343e-01   1.0718485e-02   6.4666158e-02   4.9895415e-02   6.8716872e-02
  -5.8656569e-01   2.0282909e+00  -5.1755815e-01   1.2939388e-01   2.6018433e-02  -3.4546185e-01  -9.1783208e-02   7.2903896e-02  -1.7043986e-01   4.1157505e-02   2.5929486e-01  -1.2274163e-01  -1.0352861e-01   4.1006002e-02
  -7.1933999e-01   1.9908903e+00  -6.0937526e-01   1.2099166e-01   2.8338825e-01   1.6960544e-01  -7.7890983e-03   9.1246894e-02   3.9318319e-02  -8.4873259e-02   6.3083709e-02   2.3122552e-02   1.3458736e-02   5.4298426e-02
  -4.4916187e-01   2.0244901e+00  -2.5498638e-02  -2.6042974e-01   3.0086720e-01  -4.9658899e-01  -1.3217064e-03  -1.5332498e-01   1.4705153e-01   2.0931986e-01   4.3712264e-01   1.6893137e-02  -1.1963000e-01  -2.7562309e-02
  -7.0216935e-01   1.9074861e+00   7.5844210e-01  -3.2516875e-01  -7.1383432e-02   4.1317973e-02  -2.3799467e-01  -3.3053158e-01   3.2921898e-02  -3.9755221e-02  -6.6881734e-02   2.7079886e-02   7.6845865e-02   4.8891655e-02
   1.7938821e+00  -6.0444450e-01  -4.6919550e-02  -8.9809225e-02  -5.1810149e-01  -8.7246125e-01  -5.1332949e-01  -8.4428629e-02   3.1598706e-01  -8.9533839e-02   6.6844635e-02  -4.1283340e-02  -1.0375902e-02  -5.5290178e-03
  -5.7310961e-01  -2.4826175e-01  -9.4492400e-01  -1.8216740e+00  -2.3088892e-01   3.6818764e-01   2.0378207e-01   1.6051679e-01   1.7600635e-01  -7.6498282e-02   2.2608046e-01  -7.5032688e-02  -1.8210115e-01  -1.1792599e-01
  -1.5132853e-01   1.9999108e+00   5.1153282e-01  -5.2060404e-01   4.9067884e-01   9.0080924e-02  -3.6860033e-01  -2.0913378e-01  -5.9098496e-02  -9.1565419e-02  -3.5894966e-02   5.4505662e-02  -3.8187866e-02  -6.3440181e-02
   1.8971626e+00  -4.2334708e-01  -4.9212108e-02   3.9279881e-01   8.8788492e-01   9.5368161e-02   4.5672368e-01   7.6893459e-02   3.5072912e-02   6.5648845e-02  -1.6485235e-01   1.5871189e-01  -3.7172219e-02   6.3935144e-02
  -6.5084017e-01   1.9040542e+00   6.0988730e-01  -1.5621894e-01  -1.6285250e-01   3.3890873e-01  -3.9151730e-01  -3.3914443e-01   1.3963956e-01  -2.3299584e-01   2.4664500e-01   7.9210447e-02  -6.6332568e-02   1.2251872e-02
  -8.3911519e-01   1.9464141e+00   1.8462999e-01   8.9187010e-02   1.3892356e-01   2.0166739e-02  -4.4844097e-01   2.8249996e-01   1.9714026e-01  -2.0324329e-01  -2.3447710e-01   1.5923246e-01   5.6894027e-03  -7.1825163e-02
  -6.1633553e-01  -1.5666198e-01  -1.3384225e+00  -1.5939828e+00  -1.7766518e-01   7.5301038e-02   1.3743945e-01   3.6272273e-02   1.2085025e-01  -6.0145093e-02  -2.8095573e-01   2.7794013e-01   1.4541912e-01  -9.3963221e-02
   1.0816530e+00   5.2597499e-02  -1.6463674e+00   4.5617515e-01  -4.8426126e-01   7.1758666e-01   2.6736612e-01   2.8421272e-02  -1.7926799e-01   1.4794203e-01   1.8058789e-01  -1.0595715e-02   6.9448393e-02   4.6179620e-03
  -2.2865754e-01   2.1479722e+00  -2.2196601e-01  -3.7271875e-01  -1.8288952e-01  -9.6428990e-02  -2.8398247e-01  -1.0963887e-01   3.8134040e-02  -6.3165982e-02  -4.1757030e-02   1.0788659e-01  -1.3615019e-02  -8.7645670e-03
  -8.8791503e-01   1.9001748e+00  -3.4551631e-01   4.4476021e-01   5.0362003e-01   8.0870864e-02   8.6589416e-02   8.6092396e-02  -4.3132807e-02   6.5916881e-02  -1.5830097e-02   3.3693859e-02   7.7115621e-03   2.4811499e-02
   1.5841404e+00  -9.7136051e-01  -4.5280469e-01  -2.4740185e-01   4.6558184e-01  -7.3126636e-01  -4.6346016e-01   2.1429549e-02  -5.1035954e-01  -2.1531645e-01  -8.3054392e-02  -4.4617865e-03   7.9502405e-02  -8.7823977e-03
  -4.9481376e-01   2.1170530e+00  -2.6556658e-01  -1.8561554e-01  -1.0577559e-01   8.8025235e-02   1.8894981e-01   1.8324370e-02   2.0377241e-01  -1.7181958e-01   1.5427593e-01  -1.2566214e-02   6.8880634e-02   1.1844568e-01
  -1.1707235e+00  -1.4274453e+00   5.3500981e-01   9.1685387e-01  -5.1289481e-01   2.5953569e-01  -3.1876431e-01   3.1782263e-02  -1.7196019e-01  -2.6356883e-02  -9.3037699e-03   1.1209775e-02  -2.6257883e-02   2.3454931e-02
  -1.1238584e+00   1.7984772e+00  -3.8374275e-01   3.3935558e-01   3.4736912e-02  -3.4181930e-01   9.4513235e-02  -4.1369044e-02  -2.6332862e-01   1.2812138e-01  -1.5766717e-01  -2.5860796e-02   2.6420232e-02   3.0043917e-02
   1.3468061e+00   2.7453547e-01  -1.4629080e+00   2.4735442e-01   1.6803120e-01   5.3345525e-01  -8.3211773e-03  -6.4835399e-01  -1.4946626e-01  -3.6212345e-01  -1.0078992e-01  -1.2894230e-01   3.5154585e-02   4.0802630e-02
   1.7014753e+00  -1.5305483e-01  -7.0098848e-01   7.8429695e-01   8.7157798e-01  -1.2620937e-02   2.6579911e-01   2.4373184e-01   2.1828164e-01  -2.0959605e-01  -1.0109743e-02  -4.7917499e-02   1.7401213e-02  -3.3034479e-02
  -9.4639076e-01   1.9035433e+00  -4.2082939e-01  -1.0638224e-01  -2.6091233e-01  -4.8552718e-02  -3.1991797e-01  -1.2465753e-01   1.2640968e-01  -1.6144506e-01   4.7828678e-02   2.2539977e-01   8.6890091e-02   5.5096931e-02
   1.4435270e+00  -5.3339499e-01   2.6486058e-01  -8.0921012e-01   6.3482939e-01   1.0604726e+00  -3.2167881e-01  -3.0429924e-01  -4.2653096e-01   9.3397225e-02  -1.8112858e-02  -1.5865228e-02   1.7821474e-02   1.5984391e-02
   1.2104778e+00  -3.4682432e-01  -3.7837432e-01  -1.2468121e+00   5.4848815e-01   1.1030594e+00   1.9791199e-02   8.2925599e-02  -2.1559131e-01   1.4701982e-01   1.8462847e-01  -2.6684004e-01   1.4904140e-01   5.3548386e-02
   1.8415604e+00   8.1118218e-01  -4.8270013e-01  -8.8440130e-02   3.0723979e-01   4.0807492e-02   1.7663330e-01  -6.9312594e-01  -4.7875145e-02  -2.0699409e-01  -2.2681808e-01   1.1202785e-01  -4.1909022e-02   3.8870104e-02
   1.4866026e+00  -1.4105069e+00  -1.1726691e-01   1.7245983e-01   1.2624948e-01  -4.5125191e-01  -5.3535349e-01  -7.3851484e-02   1.4042032e-01  -4.3592866e-01   1.3679593e-01   1.0408260e-01   9.9443736e-02  -6.9467369e-02
  -3.2555038e-01  -8.3387313e-01  -5.9680467e-01  -1.5261532e+00  -5.8836273e-01  -4.8086231e-01  -4.9149943e-01   7.6594268e-01   5.9129359e-02   2.3970101e-01  -3.5290207e-02   1.2497835e-01  -1.5228098e-01  -7.6225283e-02
  -2.6594466e-01  -3.2329275e-01  -1.3021033e+00  -1.4511787e+00   7.0459580e-02  -1.0710627e-01   6.2557180e-01   1.2991711e-01   2.7195746e-01   5.1741057e-01   4.6575234e-02   4.8794719e-01   1.1540507e-01   2.4902709e-02
  -1.3687417e+00  -1.6053224e+00   2.7289754e-01   5.8948005e-01  -4.7728381e-02  -1.9480034e-01  -1.2333771e-01   2.0383649e-01  -1.6867603e-01  -1.2656507e-02   2.9892559e-02   2.3285693e-02  -1.6497376e-02   3.8961831e-02
  -4.9689083e-01   2.0135693e+00  -5.8133216e-01   6.7063751e-02  -3.4413405e-01  -2.0278594e-01  -2.4252763e-01  -6.7995967e-02   4.5092091e-02   1.1470249e-03  -3.4402937e-01   7.4830450e-02   8.3310865e-02   2.6929372e-02
   1.9318698e+00   1.1437819e-02  -7.8101684e-01   4.5677779e-01  -6.3640713e-01  -1.6387970e-01  -9.5838646e-02   9.2351814e-02   2.3757771e-02   7.0810193e-02  -2.0777384e-02   7.1060187e-02  -5.5389827e-02   5.3488963e-02
   1.2677541e+00   1.9584828e-01  -4.2436915e-01   4.4280981e-01   1.0446617e+00   1.2830077e+00   3.2076133e-01   2.7920788e-01  -1.0959447e-01   1.1853194e-01  -1.1335541e-01   8.9488291e-02  -3.0988217e-02  -1.3350529e-01
   1.6895209e+00  -8.7917190e-01  -6.2035657e-01   5.4846020e-01   7.2666588e-01  -2.9145959e-01  -1.0811103e-01  -1.6734122e-01   2.0844497e-01   3.6286395e-02  -4.1151843e-02   1.2206588e-02   1.8755871e-02   9.0439130e-03
   1.8965007e+00   2.2358771e-01   5.0517799e-01  -7.1588116e-01   2.2120173e-01  -5.3947631e-01   3.4020988e-01  -2.4010524e-01   4.8714057e-02   2.0743306e-01  -6.5137349e-02   9.5273949e-02  -3.1221756e-02   1.5340581e-01
   1.3071525e+00  -9.4326171e-01  -7.6299596e-01  -2.3154856e-01   9.8440370e-01   7.7206970e-01  -1.1833235e-01   1.3573682e-01  -2.6535465e-01  -1.2980373e-01  -1.9218893e-01  -1.7258587e-01   2.4161652e-02   1.4387279e-01
  -4.5419418e-01   1.9469714e+00   5.1310295e-01  -6.1020548e-01  -3.5566434e-01  -3.1596712e-01  -2.2194716e-01  -1.5052154e-02   2.4183163e-01   9.6167669e-04  -1.4623570e-01   1.0296843e-01   1.6199370e-02  -4.3856635e-02
   1.7416204e+00   1.4104303e-01  -9.3110425e-01   7.4448450e-01   2.5954517e-01  -8.0672631e-02   3.3392966e-01   1.6209120e-01   5.2395917e-01  -1.9171667e-01   4.7126527e-02   6.0258218e-02   5.7457884e-02   5.4459896e-02
   1.6611386e+00  -3.4950816e-01  -9.8859731e-01   5.8491196e-01   5.0790676e-01   5.2308949e-01   3.4884796e-01   3.0916635e-01  -9.4119387e-02  -2.2136996e-01  -1.5862697e-02   1.2472716e-03   2.9780338e-02  -2.5736013e-02
  -4.4995248e-01  -4.4077889e-02  -9.1064361e-01  -1.6856728e+00  -7.9206334e-01  -3.7636581e-01   9.4659662e-04   4.5284843e-01   1.1515453e-01   2.5692826e-01  -1.3822208e-01   2.2735289e-01  -7.1234200e-04  -3.5700513e-03
  -1.3673814e+00  -1.6066384e+00   3.7614156e-01   4.4530322e-01  -2.1183272e-01   3.9844635e-02  -9.4714921e-03  -3.2701087e-01   4.9427142e-02  -2.0412312e-01  -4.1778046e-02  -5.6666603e-02   7.6786125e-02  -1.7976359e-02
  -1.5376679e+00  -1.4355965e+00   3.1302409e-01  -3.0672978e-01  -1.0156285e-01  -3.5678209e-01   3.1110862e-02  -4.2121013e-01   2.0844379e-01  -6.9058279e-02  -9.8690343e-02  -9.2421524e-02   3.4235090e-02  -2.8279679e-02
  -5.7866184e-01   1.7820316e+00   9.0987366e-01  -5.1325444e-01  -1.0398423e-02   2.9032469e-01  -2.5917512e-01  -2.9510712e-01  -1.8119965e-01  -2.1256540e-01   1.2922595e-01   2.3347660e-01  -1.0227171e-01   1.0515755e-02
  -8.8034201e-01   1.9264588e+00  -5.5758294e-01  -3.5333331e-01  -5.1688248e-02   1.7250777e-01  -1.6066489e-02  -3.0838039e-02   5.6233342e-02  -9.7062921e-02   1.0252559e-01  -1.4315991e-01  -7.7869051e-03   4.7160174e-02
  -8.3801780e-01   1.9635816e+00  -3.7020203e-01   7.0281168e-02   3.1005267e-01   2.7143220e-01  -5.6358269e-02   2.4512766e-01   2.4597201e-01  -5.6413667e-02  -6.2791391e-02  -4.5225531e-04   2.0086402e-02  -1.7041797e-02
  -1.0503181e+00   1.5689870e+00  -3.8669613e-02   1.7336750e-01   9.5572903e-01  -5.2991011e-01  -5.8526697e-03   5.0755721e-02   2.1279855e-01   1.1190789e-01   1.4188544e-01  -3.4808467e-01  -7.7034855e-02   2.6789709e-02
  -8.1237087e-01   1.6210905e+00  -4.5148344e-01   2.4265193e-01  -9.7252986e-01  -1.3725140e-01  -3.5710171e-01   5.4148036e-02  -2.3581731e-01  -3.8986407e-01  -1.3956425e-01   3.2470874e-01   1.4128188e-01  -3.8892467e-02
