-4.481734e-01 -1.466526e+00 2.156899e+00 2.672660e+00 
-2.213297e+00 -3.089871e+00 -2.814364e+00 7.927194e-01 
7.114468e-01 -1.027132e+00 2.162554e+00 3.334923e+00 
-1.998711e-02 -5.740228e-01 2.057680e+00 3.043245e+00 
8.616022e-01 3.823677e-01 2.991066e-01 4.832645e-01 
4.790283e-01 8.787423e-01 -5.039177e-01 -2.918760e-01 
6.879099e-01 5.897790e-01 3.702265e-01 7.569659e-02 
7.421101e-01 1.045242e+00 1.811972e-01 -4.846754e-01 
1.510777e+00 1.074649e-01 2.081166e-01 1.123354e-01 
-8.153813e-02 1.197837e+00 -3.336430e-01 -6.694521e-01 
3.412163e-01 6.507162e-01 7.214849e-01 3.889862e-01 
-6.272256e-01 1.277537e+00 1.061341e+00 -5.686324e-02 
-1.424670e-01 1.369853e+00 -3.146838e-01 -9.060810e-01 
8.829126e-01 2.585800e-01 -7.628334e-01 5.922935e-01 
8.119993e-01 -1.624677e+00 2.863127e+00 1.909222e+00 
8.990526e-01 2.009388e-01 1.077894e-01 4.033826e-01 
6.935109e-01 2.911833e-01 -4.582917e-01 1.721173e-01 
1.010893e+00 -2.757975e-01 -2.103480e-01 8.053614e-02 
5.623899e-01 6.216138e-01 1.530239e-01 1.502609e-01 
8.866765e-02 3.119449e-01 4.465934e-01 2.921788e-01 
-2.632729e-01 6.960809e-01 7.288751e-02 -3.073812e-01 
1.204577e+00 1.208014e+00 4.975809e-01 3.176271e-02 
2.102544e-01 8.507937e-01 -3.613188e-01 5.347185e-02 
2.079805e-03 9.510191e-01 1.451840e+00 -9.208316e-02 
8.429361e-01 3.870680e-01 5.428751e-01 4.274614e-01 
-3.475346e-01 -1.516786e+00 1.546804e+00 2.452329e+00 
-2.869210e-01 1.093523e+00 1.328968e+00 5.249051e-01 
6.598524e-01 4.275896e-01 -1.013147e+00 -3.426593e-01 
5.595945e-01 1.034952e+00 1.091744e+00 1.252213e-01 
3.266928e-01 8.418735e-01 5.461131e-01 2.585642e-01 
6.291033e-04 -1.544505e+00 7.634105e-01 3.817455e+00 
1.037069e+00 7.311750e-01 -6.101685e-02 2.565462e-01 
8.391181e-01 8.035597e-01 1.886701e-01 5.705864e-01 
1.720627e+00 -8.429953e-01 1.503102e+00 3.001948e+00 
6.034466e-02 8.396624e-01 1.267367e+00 2.471168e-01 
-3.533562e-01 1.111003e+00 3.529393e-01 5.002258e-01 
-9.571012e-01 1.541270e+00 6.751127e-02 -1.785661e+00 
-1.478310e-01 1.300550e+00 1.203589e+00 1.909757e-01 
-7.317891e-02 8.994793e-01 8.838663e-01 1.632371e-01 
-1.578352e-01 1.387196e+00 -5.477857e-01 2.931463e-01 
7.634980e-01 1.073143e+00 8.188840e-01 8.363866e-01 
-4.077171e-01 9.082824e-01 9.867370e-01 2.377510e-01 
5.670560e-01 2.261594e-01 -1.099736e+00 -1.476125e-01 
-2.640856e-01 7.538545e-01 7.946122e-01 6.753229e-01 
7.655892e-01 6.975885e-01 -3.655195e-02 2.291892e-01 
3.115713e-01 5.646789e-01 1.122719e+00 3.944997e-01 
9.360290e-01 -4.707209e-03 -1.907732e-01 3.740821e-01 
-1.620510e-01 1.353011e+00 1.374978e+00 2.362536e-01 
1.042669e+00 -2.211291e-01 -9.339101e-01 -5.647166e-03 
1.815130e-01 7.046415e-01 8.379058e-01 1.545747e-01 
5.330630e-01 7.224666e-01 1.259819e+00 7.959028e-01 
-5.855280e-01 1.335251e+00 1.231644e+00 4.733649e-01 
-2.054530e-01 1.045683e+00 7.886453e-01 6.871456e-01 
1.281522e-01 1.291632e+00 6.603463e-01 -7.621666e-01 
1.028998e+00 1.668454e+00 5.262085e-01 -6.822858e-01 
-1.554262e+00 4.407811e-01 -1.025592e+00 5.958868e-01 
1.658122e+00 -3.372779e-01 1.031748e-01 -1.638316e-01 
2.338888e-01 9.071203e-01 2.249161e-01 -5.359705e-01 
-1.371123e-01 -7.649113e-01 2.157809e+00 2.733336e+00 
1.136571e+00 6.205970e-01 1.024881e-01 4.889092e-01 
8.641620e-01 3.625485e-01 2.358798e-01 5.809147e-02 
-5.603930e-02 1.195519e+00 1.743447e-01 -8.367699e-01 
9.209882e-01 -7.196469e-02 3.239628e-01 -8.156963e-03 
5.753694e-01 4.586300e-01 5.302887e-02 3.624635e-01 
1.199274e+00 1.131579e+00 5.610872e-01 4.155527e-01 
9.618652e-01 -3.414030e-02 -6.316233e-01 -4.075597e-02 
3.789951e-01 3.676927e-01 -3.160423e-01 -1.038337e-01 
-6.996514e-02 1.602624e+00 -6.257624e-01 -9.244626e-01 
1.305947e-01 1.528733e+00 7.551175e-01 3.118019e-01 
3.418272e-01 1.506591e+00 2.018312e-01 -4.956368e-01 
8.051609e-01 1.129035e+00 6.118807e-02 -4.498693e-01 
6.050370e-01 4.793715e-01 -1.223491e-02 2.072407e-01 
-8.537896e-02 9.910708e-01 1.128594e+00 5.656926e-01 
6.251390e-01 1.235106e+00 -3.602986e-01 -1.098468e+00 
-5.392543e-01 1.145245e+00 1.102524e+00 5.638013e-01 
1.406857e-01 7.680426e-01 5.886070e-01 1.123288e-01 
-2.549508e-01 9.790863e-01 8.570263e-01 3.291707e-01 
7.601079e-01 1.225895e-01 4.169277e-02 4.932971e-01 
2.370854e-01 1.405355e+00 -4.347580e-01 2.155401e-01 
3.579935e-02 1.658453e+00 -9.755797e-02 -1.534788e+00 
8.428554e-01 -1.974910e+00 7.712987e-01 2.768781e+00 
7.547363e-01 2.665809e-01 1.681305e-01 3.519000e-01 
3.612092e-01 5.102103e-01 3.909649e-01 6.594338e-01 
6.644408e-01 1.021659e+00 6.441260e-01 -2.756473e-01 
-2.168533e-01 6.526481e-01 1.197654e+00 -4.245585e-02 
4.160613e-01 8.858522e-01 -4.046822e-01 9.167286e-01 
8.652131e-01 9.397850e-01 4.976155e-01 5.512129e-01 
1.966998e+00 1.872449e+00 1.952567e-01 1.257537e+00 
1.070237e+00 -2.418510e-01 -6.404908e-01 2.674735e-01 
8.894797e-01 1.312389e+00 3.806421e-01 -6.877390e-01 
2.081884e-01 1.254898e+00 -7.982488e-01 4.995987e-01 
-2.558633e-01 1.809111e+00 1.778453e+00 2.949205e-01 
-1.558093e-01 8.874817e-01 8.060729e-01 1.568199e-02 
5.829775e-01 5.722904e-01 4.864841e-01 1.148044e-01 
8.532048e-01 4.329126e-01 -1.779293e-02 2.854244e-01 
7.485145e-01 6.974285e-01 1.971873e-02 1.064841e-01 
3.982400e-01 7.402046e-01 7.076531e-01 1.740980e-01 
7.270257e-01 1.068943e+00 1.625907e-01 -9.778634e-02 
9.472521e-01 8.575997e-01 -3.898418e-01 2.343241e-01 
6.644858e-01 1.246543e+00 4.353501e-01 -2.826884e-01 
2.742751e-01 5.517348e-01 9.374061e-01 2.381427e-01 
9.957385e-01 6.158879e-01 -5.625481e-01 1.783919e-01 
5.976601e-01 -9.719713e-01 1.589929e+00 2.966668e+00 
2.273586e-01 1.018458e+00 1.082562e+00 -1.855799e-01 
7.095652e-01 4.510576e-01 -3.687326e-01 -8.767260e-02 
8.483168e-01 1.805455e-01 -2.622854e-01 2.165981e-01 
5.282502e-01 2.086773e-01 4.852457e-01 -2.750969e-02 
7.806448e-01 2.886649e-01 1.646515e-01 4.868072e-01 
2.882153e-01 7.904401e-01 7.872532e-01 2.196728e-01 
1.034893e+00 -4.198740e-02 -2.844622e-01 3.451143e-01 
7.744035e-01 4.564641e-01 2.221472e-02 3.569623e-01 
8.596617e-01 1.590673e-02 -4.220599e-01 3.259107e-01 
5.912745e-01 8.254574e-01 1.786685e-01 3.018259e-01 
3.451874e+00 3.093529e+00 -2.048530e+00 -2.089636e+00 
-2.772310e-01 -1.055671e+00 2.967969e+00 2.749064e+00 
7.124064e-01 2.679084e-01 -2.142452e-01 4.282275e-01 
1.961617e-01 9.616776e-01 -3.381621e-01 5.207834e-02 
9.626522e-01 4.306851e-03 3.459115e-02 -9.325648e-02 
1.191830e+00 3.557984e-01 -3.002305e-01 1.715035e-01 
7.455991e-01 4.983213e-01 -3.290620e-01 1.084853e-01 
2.436747e-02 7.753023e-01 4.359750e-01 1.462448e-01 
9.780799e-01 1.518520e-01 -5.857098e-02 2.739870e-02 
8.528661e-01 5.127801e-01 1.725784e-01 4.667341e-01 
9.333638e-01 5.732215e-01 4.355646e-01 1.729865e-01 
6.273481e-01 1.176819e+00 -2.702616e-01 -3.648300e-01 
9.657768e-01 -1.484007e+00 7.785430e-01 2.578597e+00 
6.988166e-01 6.266607e-01 2.621639e-01 2.536478e-01 
3.303079e-01 9.040615e-01 3.324903e-01 -4.523181e-01 
7.274880e-01 5.718314e-01 -3.293510e-02 7.774686e-02 
2.936654e-01 -1.853597e-01 -1.226419e+00 -2.650147e-01 
2.519261e-02 6.669209e-01 9.920743e-01 2.773133e-01 
1.742086e-01 7.206902e-01 7.501795e-01 5.862081e-01 
9.658189e-01 2.083750e-01 8.400027e-02 2.190963e-01 
2.110851e-01 3.218868e-01 -8.490020e-01 4.343452e-01 
6.295991e-01 5.200212e-01 3.285691e-01 -2.723437e-01 
4.591674e-01 8.654809e-01 4.708879e-01 1.387255e-01 
6.501098e-01 -3.955205e-01 2.123504e+00 4.052788e+00 
1.044507e-01 5.368396e-01 7.695626e-01 3.515448e-01 
8.471415e-01 4.805006e-01 1.324401e-01 2.960753e-01 
6.826524e-01 -6.692551e-02 -5.045970e-01 3.278444e-02 
7.423848e-02 1.553900e+00 -2.697480e-01 2.009501e-01 
7.441400e-01 6.875647e-01 2.397055e-02 3.200552e-02 
8.364637e-01 -3.245362e-02 -1.259824e-01 2.264111e-01 
5.428768e-01 7.060007e-01 6.463451e-01 -1.483625e-01 
1.033003e+00 5.214730e-01 4.074184e-01 4.445366e-01 
1.027437e+00 -9.821985e-02 2.352784e-01 -4.835596e-02 
1.312635e-01 7.899604e-01 8.999448e-01 -1.317570e-01 
-3.367138e-01 7.744013e-01 1.663727e+00 3.604151e-01 
7.513967e-01 1.104913e-02 -3.493530e-01 -7.034969e-01 
6.709813e-01 8.523912e-01 1.322462e-01 -6.215475e-01 
-7.008061e-02 1.128129e+00 4.809138e-01 5.871817e-01 
9.811482e-01 -1.392208e-01 -4.948814e-01 2.542764e-01 
7.825691e-01 4.966416e-01 2.759817e-02 4.299222e-02 
9.636472e-01 3.709446e-01 -8.242285e-02 2.491760e-01 
1.296428e+00 -3.523663e-01 -3.720975e-01 -5.332652e-02 
8.380762e-01 8.357194e-01 2.665668e-01 2.987355e-01 
9.133319e-01 2.696215e-01 -1.573556e-01 2.720253e-01 
7.551434e-01 4.626933e-01 2.998397e-01 9.570553e-02 
3.157296e+00 2.306241e+00 1.961304e+00 6.385285e-01 
7.915224e-01 4.944129e-01 -1.387303e-01 3.032572e-01 
6.723175e-01 9.160692e-01 4.142080e-01 1.255026e-01 
1.561754e+00 3.194342e-02 -1.009282e+00 -2.722121e-02 
1.702308e-01 5.230287e-01 7.090784e-01 2.555057e-01 
4.146727e-01 5.359493e-01 -5.761531e-01 -1.826653e-01 
-2.139962e+00 2.322957e+00 2.294129e+00 -4.368379e-01 
7.089210e-01 5.932840e-01 1.089805e-01 3.625259e-01 
9.532657e-01 5.589955e-01 -3.563971e-03 2.019382e-01 
5.105926e-01 8.248903e-01 -1.643883e-01 2.019848e-01 
1.146076e+00 1.876289e-01 -1.324358e-01 2.219813e-01 
-9.223982e-01 9.305790e-02 1.341132e+00 -2.481000e-01 
-4.158491e-01 9.179192e-01 7.934844e-01 3.422489e-01 
1.101100e+00 2.049982e-01 -5.913126e-02 2.131299e-01 
8.447163e-01 -1.418820e-01 -7.138925e-01 1.161153e-02 
1.431120e-01 5.063950e-02 -6.353764e-01 1.145800e-01 
1.018014e+00 5.879763e-01 2.885141e-01 2.237874e-01 
2.810084e-01 7.964950e-01 1.221740e+00 8.812659e-02 
2.971074e-01 4.089661e-01 8.137135e-01 4.485878e-01 
1.920629e-01 7.653304e-01 7.002678e-01 2.998131e-01 
-6.026249e-02 9.803563e-01 5.461124e-01 5.016347e-02 
2.577138e-01 9.049734e-01 4.321675e-01 -2.779602e-01 
1.375091e+00 -1.520927e+00 7.822569e-01 2.769825e+00 
8.203767e-01 -2.873247e-02 -9.536620e-01 -3.527604e-02 
8.694935e-01 3.266799e-02 -6.517370e-01 2.123566e-01 
-3.437343e-02 7.715393e-01 5.738086e-01 3.433095e-01 
7.426235e-01 3.924774e-01 1.568127e-01 4.822390e-01 
2.212712e-01 1.187779e+00 -3.289608e-01 -5.892974e-02 
2.661916e-01 6.508901e-01 6.133607e-01 1.510689e-01 
-2.452377e-01 1.125494e+00 7.842574e-01 4.044305e-01 
5.270357e-01 -2.846401e-02 -3.124116e-01 2.898576e-01 
8.479276e-01 -2.125065e-01 -2.652816e-02 1.727822e-01 
1.036364e+00 6.191594e-01 -4.893058e-01 1.032719e-01 
4.104558e-01 1.316306e+00 -2.256526e-01 3.383207e-01 
2.594655e-01 5.306869e-01 7.941660e-01 1.483131e-01 
5.099109e-01 1.247183e+00 5.134025e-01 -1.077929e+00 
-4.038904e-01 5.629228e-01 6.303174e-01 3.585708e-01 
6.952167e-02 5.338174e-01 6.698032e-01 4.722055e-01 
-4.145760e-01 9.076480e-01 8.625596e-01 1.188412e-01 
4.356039e-01 9.405142e-01 3.666085e-01 -4.257765e-01 
-1.106060e-01 9.563194e-01 4.833101e-01 8.822602e-02 
-5.196971e-01 6.108283e-01 1.000158e+00 -5.127966e-02 
-1.332095e+00 -6.680440e-01 -1.046858e+00 -1.003068e+00 
6.221841e-01 5.873278e-01 -7.919467e-01 4.023706e-01 
6.290937e-02 -1.365917e+00 1.490973e+00 3.311943e+00 
6.980792e-01 3.889985e-01 -2.700564e-02 2.775028e-01 
1.096670e+00 1.082602e+00 1.201615e+00 8.585060e-01 
2.679334e+00 2.446105e+00 2.692634e+00 1.063087e+00 
-3.738896e-01 6.061286e-01 8.759856e-01 -3.399604e-01 
-6.005972e-01 -1.269321e+00 1.282149e+00 3.183287e+00 
6.118936e-01 2.221201e+00 -2.318123e-01 -8.023428e-02 
1.530248e+00 -1.730551e+00 1.021226e+00 2.823282e+00 
3.597896e-01 1.401346e+00 -4.020989e-01 -5.428474e-01 
6.706365e-01 -1.276554e+00 1.298932e+00 2.976609e+00 
1.116401e+00 -8.143138e-01 2.816917e+00 2.892874e+00 
-2.253215e-01 2.298705e+00 7.238375e-01 8.130926e-02 
1.683893e+00 -1.311261e+00 1.986890e+00 3.063168e+00 
2.358651e+00 2.399470e+00 3.053534e+00 4.448554e-01 
2.474589e+00 2.988366e+00 -2.204402e+00 3.093950e+00 
1.310656e+00 -1.540372e+00 1.142974e+00 2.418339e+00 
1.714312e-01 1.653979e+00 -2.173357e-01 8.697425e-01 
2.922863e-02 -1.686765e+00 2.057243e+00 3.142907e+00 
4.620879e-01 1.351060e+00 3.124442e-01 -6.108087e-01 
-2.924919e-01 -8.198425e-01 2.250994e+00 2.348267e+00 
-1.337246e-01 -1.335859e+00 6.405859e-01 3.238404e+00 
-1.642437e-01 1.825938e+00 -8.099490e-01 -8.413184e-01 
6.534299e-01 -1.160744e+00 1.229890e+00 2.915912e+00 
-7.035264e-02 7.695625e-01 8.474599e-01 5.879009e-01 
3.058687e+00 3.527698e+00 -2.535721e+00 3.169162e+00 
-2.104788e+00 -1.835792e+00 -2.423105e+00 9.588183e-01 
-3.395934e-01 -7.978434e-01 1.965362e+00 2.802208e+00 
1.379765e+00 2.017435e+00 2.632008e-01 7.132047e-01 
5.775601e-01 -1.842396e+00 1.569725e+00 3.440938e+00 
1.957148e+00 -6.682934e-01 1.296582e+00 3.425259e+00 
2.425694e+00 -3.934750e-01 1.730547e-01 7.619208e-02 
5.575663e-02 2.088887e+00 1.371374e+00 -9.257409e-01 
2.311459e-02 1.275867e+00 1.463663e+00 6.977185e-01 
-5.125710e-01 1.277273e+00 1.542388e+00 2.448447e-01 
5.161415e-02 -1.247155e+00 2.118034e+00 2.728232e+00 
9.878336e-01 -2.208623e+00 1.237885e+00 2.961852e+00 
2.341360e+00 1.710765e+00 3.016640e+00 1.552858e+00 
3.195452e+00 3.067643e+00 2.778201e+00 1.564072e+00 
1.139729e+00 -1.695437e+00 1.232663e+00 2.432708e+00 
5.584278e-01 1.327137e+00 5.419122e-01 -1.040818e+00 
-3.518762e-01 1.192871e+00 9.973615e-01 3.872316e-01 
1.015985e+00 2.349150e+00 6.338881e-01 -5.760449e-01 
-2.689178e-01 -7.946491e-01 2.059062e+00 2.886902e+00 
4.809657e-01 -1.350928e+00 1.570711e+00 3.421161e+00 
1.564463e-01 -7.469530e-01 1.952789e+00 2.729017e+00 
-1.313743e-01 -1.101356e+00 2.141173e+00 3.150086e+00 
-3.020120e-01 -1.432651e+00 1.280681e+00 2.944028e+00 
9.796055e-01 -1.585448e+00 1.085164e+00 2.445614e+00 
-8.121513e-01 1.875528e+00 1.385736e+00 7.373991e-01 
2.521656e-01 6.042235e-01 7.597533e-01 2.525999e-01 
-5.680202e-01 -2.398506e-01 5.940592e-01 -3.963958e-01 
3.190112e-01 1.329953e+00 -4.929191e-02 1.073054e+00 
-1.314213e+00 -9.571379e-01 6.799041e-01 2.987558e+00 
1.894754e-01 -1.055068e+00 2.444806e+00 2.578330e+00 
-2.998869e-01 -1.046725e+00 2.271272e+00 3.124224e+00 
1.782866e-02 -5.933783e-01 1.058229e+00 2.379712e+00 
2.082310e+00 -2.663015e+00 3.109432e+00 3.623650e-01 
6.363139e-01 1.343539e+00 6.751334e-02 -1.309365e+00 
3.077582e+00 1.191892e+00 3.327483e+00 1.110477e+00 
1.013251e+00 -9.104797e-01 9.362235e-01 2.577823e+00 
-2.207395e-01 1.454504e+00 -5.599788e-01 2.336825e-01 
6.821847e-01 -1.385764e+00 1.258755e+00 2.952297e+00 
2.169167e-01 -1.153345e+00 1.717633e+00 2.791848e+00 
1.821413e+00 1.491375e+00 3.469988e+00 8.967480e-01 
-2.645216e-01 1.895022e+00 1.863293e+00 9.361406e-01 
1.066521e+00 -6.787679e-01 1.981472e+00 -1.347152e+00 
-3.054024e-01 -1.551062e+00 1.881840e+00 3.188851e+00 
4.798461e-01 1.704118e+00 5.817649e-01 -1.272234e+00 
1.703600e-01 -1.066320e+00 1.789236e+00 2.556800e+00 
-1.551813e+00 -2.172830e+00 3.143146e+00 -2.859492e+00 
-2.055323e-01 -1.471869e+00 2.008613e+00 2.948127e+00 
-9.152838e-01 1.266403e+00 1.595888e+00 2.979774e-01 
-8.989250e-01 1.426390e+00 -9.051471e-02 3.679393e-01 
1.859931e-01 -1.219630e+00 2.295054e+00 2.494943e+00 
1.492191e+00 1.992287e+00 -3.902598e-01 5.332487e-01 
1.664392e+00 2.112739e+00 7.261983e-01 1.057802e+00 
-6.065650e-02 2.220506e-01 8.534793e-01 4.480097e-01 
-8.990948e-02 1.379231e+00 -3.000806e-01 -1.729357e+00 
2.877342e+00 9.326144e-01 2.840340e+00 2.108532e-01 
2.709029e+00 2.865097e-01 3.466067e+00 -6.294776e-01 
-1.678563e+00 -2.906613e+00 -7.615939e-01 -2.533188e+00 
4.314419e-01 -7.242932e-01 2.343113e+00 2.394107e+00 
-1.553765e-01 8.529338e-01 9.873845e-01 -2.131945e-01 
-2.398644e-01 1.732265e+00 -1.370867e-01 1.691406e+00 
-5.648455e-01 1.815011e+00 7.938264e-03 -6.835897e-01 
1.450468e+00 2.896800e-01 2.686594e-01 -8.893788e-02 
7.028603e-01 2.820669e+00 3.427042e-01 4.180891e-02 
1.250311e+00 -1.465387e+00 1.760795e+00 1.879410e+00 
-7.831298e-01 1.241157e+00 6.675850e-01 3.614355e-01 
-6.357719e-01 1.844042e+00 3.006122e-01 5.687206e-01 
2.064410e+00 -9.817915e-01 3.212613e+00 -1.708516e-01 
-2.589170e+00 -3.065337e+00 6.966284e-01 -2.075239e+00 
2.600725e+00 -2.620543e+00 -2.368080e+00 -1.677200e+00 
1.585677e+00 -1.381840e+00 1.196185e+00 2.560408e+00 
1.808542e-01 -1.146093e+00 2.383910e+00 2.792250e+00 
7.853666e-02 -1.107544e+00 2.044764e+00 2.804767e+00 
-5.512666e-02 -2.262463e+00 1.167667e+00 2.802941e+00 
4.016491e-01 -1.701833e+00 2.605215e+00 1.845795e+00 
