  -9.3269657e-01  -1.1642681e+00   6.8810515e-01  -1.5066168e-01  -7.9463999e-01  -3.8905259e-01   1.8230359e+00   1.9477561e-01   7.3713676e-01   5.4045148e-01  -6.0168708e-01   4.5283143e-01   8.9078772e-01  -3.9851826e-01   4.1220506e-01  -4.0897736e-01  -1.6428498e-01   5.8174571e-01  -3.4706316e-02   2.5834315e-01  -1.0486398e-01
   6.5595031e-01  -7.0565115e-02  -9.4570958e-01  -2.4120104e+00  -1.6273532e-01  -9.1786049e-01   3.1358535e-01  -2.0383557e-02  -1.9104173e-02  -5.1992699e-01   6.3383310e-02  -6.6290179e-01   7.5017865e-01   7.6958015e-02  -5.2249203e-01  -2.1531559e-01   9.6648711e-02   3.2593582e-01  -1.6174932e-01   3.6875122e-01  -9.1673984e-02
   8.6137579e-01  -7.7922883e-01   4.3456066e-01  -1.4029881e+00   1.7988740e+00   5.4216172e-01   4.4193960e-01  -2.2342689e-01  -8.3464638e-01   5.4465945e-01   1.7302672e-03  -2.3029483e-01  -6.8554273e-02  -1.0247850e+00   7.4648440e-02  -6.2799689e-01  -3.1222712e-01  -1.4248795e-01  -2.2353835e-01   2.0975536e-01   9.6401181e-02
  -9.5185728e-01   2.0408562e+00   1.2876790e+00   2.5689066e-01  -1.3354030e-01  -4.2812072e-02   1.0271901e+00   5.0772994e-01   3.9403913e-01  -1.4589103e-01  -1.4682830e-01   6.2513534e-01   8.3274709e-02   8.9972275e-01  -8.1277763e-02   4.7339857e-01  -4.5151605e-01   8.5233170e-02  -1.2897323e-01  -5.5872072e-02   1.1262013e-01
  -1.7176409e+00  -5.4610824e-01   4.2029926e-01   4.2717590e-01  -1.6899733e+00  -9.9666187e-01  -2.8028872e-01   4.2797125e-01  -6.3669215e-01  -6.1410702e-01  -1.1402611e-01  -2.6142529e-01   9.2934446e-01  -4.7866574e-01   2.5856334e-01  -3.6018597e-01   2.7787501e-01  -1.0745042e-01  -1.5548353e-01  -9.9644622e-02   1.0213826e-01
  -9.5502876e-01  -8.6020627e-01  -8.3035002e-01  -9.0973774e-01  -4.1086602e-01  -4.3077632e-01   1.3972739e-01  -1.8456534e+00  -1.1166895e+00   9.9337005e-02  -6.7890213e-01  -5.8563886e-02  -2.5497211e-01  -7.9132024e-01  -1.1577531e-01   3.2247903e-01  -1.9356970e-01   5.9371902e-01  -2.3344340e-01  -2.5220428e-01   1.1878464e-01
  -7.8326788e-01   2.7062572e+00   1.0499533e+00  -1.4902075e-01  -5.5745773e-01   2.8440203e-01   6.6552100e-02   4.7190939e-01  -2.8059258e-01   2.2863162e-01   2.2529720e-01   2.2445948e-01   1.6675758e-01  -1.8871627e-01  -5.7198746e-02  -6.0066214e-02  -2.7411370e-01   1.0557565e-01  -8.1488786e-03  -5.8932087e-02  -1.6365699e-02
  -1.1401803e+00   2.5847998e-01  -5.7876026e-01  -1.7665532e+00  -7.6455909e-01  -4.2107447e-01   4.2564194e-01  -1.2708868e+00   9.5921145e-01  -3.5127406e-02   2.1386987e-01  -9.4742788e-01   5.8238009e-01  -4.0402005e-01   4.1291020e-01   1.3763936e-02  -5.5856078e-02   6.0833760e-04  -2.6263359e-02   2.6106839e-01  -1.2001269e-01
  -3.4225770e-01   3.0562215e-01   2.0562180e-01   1.2162729e+00   1.9796299e+00  -1.1159437e+00   1.5948720e-01  -5.7820325e-01  -9.8573503e-01   1.3978243e-01   7.5597804e-01  -8.3214333e-01   3.6982944e-01   2.1740082e-03  -2.9924655e-01   2.6787083e-01  -5.4492433e-02   3.2884215e-01   2.5004842e-02  -2.8676048e-01  -7.9168302e-03
  -2.4924462e+00   7.8568594e-01  -5.5789840e-01   1.1553374e+00   4.0571530e-01  -2.5902835e-01   6.0102047e-01   1.2292695e-01   2.6157869e-01   3.0894575e-01  -2.5147524e-01  -4.1032760e-01  -9.6923006e-02  -2.4435536e-01  -3.3293444e-01   3.0526292e-01  -3.6331919e-01  -3.2399949e-01  -1.1891262e-01  -1.2219143e-01  -3.8736588e-02
  -1.1339827e+00   6.3216619e-01   1.7103602e+00  -9.8589842e-01   6.4356726e-01   1.8420030e-01  -1.2732289e+00   6.5598656e-01  -7.3059176e-02  -1.1653578e-01   7.2509339e-01   1.4237218e-01  -7.6702363e-01  -3.7697868e-01   5.0492823e-01   2.9230475e-01  -2.2452957e-01   3.8162245e-01   2.2478181e-01  -4.9403635e-02  -2.0115067e-01
  -9.2963547e-01   2.7641273e+00   7.4437084e-01  -2.8722446e-01  -4.0251862e-01   2.0125880e-01  -8.8508274e-02   4.3793275e-01  -1.6254041e-01   3.0517869e-01   2.2134971e-01   2.4834620e-01   2.4286755e-01  -2.9117710e-02  -1.4081207e-01  -8.4705251e-02  -3.5961246e-01   1.8037904e-01  -8.2293681e-02  -1.1195545e-01   2.3155303e-02
  -1.7662645e+00  -4.4893683e-01  -2.4890777e+00   2.6450101e-01   4.5947665e-01   9.7232692e-03   2.6852526e-02   1.1291900e-01  -1.3345945e-01   1.0886987e-02   2.9396711e-01  -1.9923146e-01   5.5288481e-02   1.7150296e-01   2.1404867e-02   4.4514614e-02   9.6542464e-02  -1.6102241e-01   3.9674450e-02  -1.0630524e-01  -5.4602476e-03
  -1.5370037e+00  -2.7676041e-01   6.8370959e-02  -1.5446573e+00   1.5890406e+00  -4.2560260e-01   7.8334451e-01  -1.1061468e-01  -7.9918609e-01  -3.4797947e-03   6.5798920e-01  -1.4110102e-01   1.2309341e-01  -7.3688312e-01   2.8233361e-01  -1.2318410e-01  -2.0544330e-01   6.3942406e-02  -1.9238271e-01   1.1183967e-01   7.1340781e-02
  -2.2010174e+00  -7.3484471e-01   1.1347963e+00   5.1249100e-01  -8.0063456e-01   2.4100553e-01   5.9464960e-01  -4.7512532e-01  -3.1772601e-04  -6.8940576e-01  -3.1793930e-02  -4.6105899e-01  -2.7459216e-01   7.4114627e-01   5.7414020e-01   7.8360138e-02  -4.1289287e-02   2.4877572e-01   1.5259656e-02  -2.7753450e-01   6.9746928e-02
  -1.5497384e-01  -1.9658365e-02  -2.6203749e+00  -8.7559053e-01   2.4054795e-01   7.7877259e-01   3.0702872e-01   8.6971269e-01   1.7594410e-01   1.2356430e-01   3.0480403e-01  -7.0849421e-01  -4.7205932e-02   2.1105081e-01  -2.4674416e-02   1.3958659e-01   1.0513489e-02  -1.2132191e-01   4.6878831e-02  -3.2965065e-01   1.2203457e-03
   3.3218409e-01  -6.7474448e-01   7.5712411e-01  -2.3495155e+00   4.9013284e-01   2.1455822e-01   1.6908687e-01  -6.7835749e-01   4.9472044e-01   7.6136485e-01  -2.5343740e-01   3.2112099e-01  -4.3845742e-02   8.5687258e-02   3.9152923e-01  -6.2981253e-01   6.4990440e-01   7.0812116e-02   5.4709324e-01  -5.2535201e-01  -1.2174834e-01
  -3.5511388e-01  -1.9334973e-01   1.6668629e+00   4.4417739e-01  -7.6212385e-01  -1.8292672e+00  -1.5056499e-01   1.9282258e-01  -6.0010199e-01  -9.6975202e-01  -2.6646165e-01  -5.9334037e-01   2.3669293e-01  -3.5109911e-01   1.5018538e-01   1.9939978e-01  -7.0116746e-01   5.3954795e-01   1.3811293e-01   3.1808814e-01  -9.1987864e-02
  -2.1654496e+00  -6.9108388e-01  -1.2597345e+00  -6.0476630e-01  -1.7524947e-01   8.2613694e-01   3.4335753e-02   4.4039941e-01  -3.3686327e-01   8.0461641e-01  -2.9687997e-01  -4.8418579e-02   4.4891040e-01   2.3653290e-01   4.7280901e-02   5.4243405e-01  -5.9074130e-01   4.3312740e-01   1.5254664e-01   8.5507341e-02   9.1782985e-02
  -1.1904313e+00  -1.8137298e+00  -6.3243020e-01   1.2621253e+00  -1.2366788e+00  -5.6432677e-01  -4.4789373e-01   9.4318434e-02   6.6966540e-02  -1.8914975e-01  -8.4614923e-02   1.7870305e-01   1.0860999e-01   7.5512145e-02   7.4616566e-01  -6.4905023e-01  -3.4356046e-02  -3.5676401e-01   9.9054566e-03  -2.1746636e-01   3.9142820e-02
  -6.9553012e-01   3.1217333e-01   1.0545100e-01  -8.0286737e-01  -1.6635481e-01  -1.7882942e+00   1.2642782e+00   3.7641794e-01   6.0048241e-01   1.2151253e+00  -5.1205205e-01   1.1564873e+00   2.1956041e-01   2.7211764e-01   3.3970374e-01   1.9347372e-02   1.8008885e-01  -4.3290379e-02   1.0707171e-01   2.6974132e-01  -8.2903706e-02
  -2.3436843e+00  -1.6852362e+00   4.0634640e-01  -1.9000883e-01  -3.6705206e-01  -3.7914166e-01  -8.9615629e-01   4.1248202e-01   1.9032377e-01  -1.6251908e-01   8.5375188e-02   2.2404386e-01   1.9583224e-02  -1.3605176e-01   1.9225885e-02   2.4343648e-01   5.7042006e-02  -2.1319718e-01   1.4356069e-02   5.8026100e-02   5.4334501e-02
  -1.1712884e+00   2.6508149e+00  -4.3667132e-02  -7.3742697e-01  -7.0559814e-01   1.4137415e-01  -3.8173095e-03   3.8974209e-01  -2.5557421e-01   1.2781795e-01   3.4000363e-01   3.9857860e-01   1.3066521e-01  -3.0781156e-02   2.8899984e-02  -1.6332768e-01  -1.0489084e-02   7.2543930e-02   9.9378402e-02  -5.1477087e-02   8.4896205e-02
   7.9728482e-01  -9.0459651e-01   9.3361508e-01  -8.8083608e-01  -1.2093788e+00  -1.4240348e+00   3.3729149e-01  -2.3917637e-01   3.2775496e-02   8.2026614e-01   1.1065061e-01   7.4779524e-02  -6.8778950e-01   1.1629137e+00  -7.3986089e-02  -3.0698465e-01   5.3470194e-01  -5.6195497e-01  -1.3118769e-01   5.8492363e-02   1.1918235e-02
  -1.9360738e+00  -2.1064482e+00   9.8985127e-01   1.6507193e-01  -3.6782477e-01  -4.8799954e-01  -3.4642703e-01   2.2156227e-01  -1.7534569e-01   1.0886534e-01   1.5205023e-01   6.5394620e-02  -8.9675436e-02  -1.3495753e-02  -1.7244974e-01  -3.9923484e-01  -2.7632557e-02  -1.1747050e-01   4.3682032e-02  -1.0162667e-01  -6.5415263e-02
  -7.4506240e-01   1.4822192e+00   1.8634354e+00  -1.3485560e-01   1.2164094e+00  -1.0682443e+00  -1.9658330e-01  -7.9206329e-02   4.2606066e-01  -4.6467221e-01  -4.5995277e-01  -1.0348037e-01  -8.8756651e-02   3.1117630e-01   5.6030058e-01  -1.3747415e-01   1.5404264e-01  -4.8837297e-02  -6.7667757e-02  -1.4808141e-01  -1.6643189e-02
   1.0966284e-01   1.4431040e-01  -7.8260382e-02   2.0897982e+00   7.9139926e-01   7.2863845e-01   3.5504493e-01  -1.6768899e+00   8.7412476e-01   2.9728199e-02   5.3132759e-01  -7.3384456e-02  -1.0265041e-01  -2.7456890e-01  -3.4938838e-01  -1.8383388e-03   2.6741538e-01   9.4328920e-02  -1.8196291e-01   2.2744656e-01  -2.7343550e-01
   2.6066588e-01  -1.5085037e+00   1.8218158e+00  -8.4843397e-01   8.8944202e-01  -2.9920492e-01   3.4827703e-01   8.3203953e-01  -5.8394090e-01  -6.5903452e-01  -4.4061504e-02   6.5339065e-01   1.6721928e-01  -1.9020126e-01   6.1900752e-01   3.5668181e-01   3.3015568e-02  -2.6879865e-01   1.0356530e-02   1.1811641e-01  -2.6110336e-01
  -7.9611678e-01   2.7168790e+00   9.7711406e-01  -1.5838425e-01  -5.4025850e-01   2.7834990e-01   1.4856304e-01   5.5345979e-01  -3.2514743e-01   2.3641958e-01   1.2206744e-01   2.6291036e-01   2.0449264e-01  -1.0133805e-01  -9.1529380e-02  -9.9329888e-02  -2.2981286e-01   1.0715182e-01  -4.2637899e-03  -4.1182671e-02   7.7802571e-03
  -6.1211910e-01  -6.6438631e-01   1.1524966e+00  -1.2080877e+00  -1.9497024e+00  -1.0152727e+00  -1.0566633e-02  -2.4449091e-01  -2.6108198e-02  -2.8932937e-02  -3.1429576e-02  -5.1532711e-01   5.6374541e-01  -6.7351326e-01  -5.6900692e-01  -2.7744940e-01  -1.2647118e-01   1.0402765e-01  -5.6761939e-02  -7.4842591e-02  -1.8428645e-01
  -2.1630221e+00  -1.4747641e+00  -2.0649787e-01   9.0147153e-01   6.5708808e-01   9.8819166e-01   2.4323287e-01  -2.1704741e-01   5.3021426e-01   4.5407654e-01  -4.9348130e-02   3.7047127e-01   9.1595004e-02  -5.8218219e-02  -1.0814230e-01   1.4110672e-01  -2.5194161e-01   2.0486593e-01   1.0881777e-01   5.6698243e-02  -1.6486497e-02
  -1.4430728e+00  -1.2354236e+00  -4.2166718e-02  -1.5698221e+00   1.4510316e+00   4.9010350e-01  -1.0001155e+00  -2.2347882e-01  -2.1593574e-01   1.7060195e-01  -4.8323291e-01  -7.5021571e-02   1.8709529e-01   4.4977859e-02  -2.9998797e-01  -5.6314701e-02  -3.3371193e-02   2.7074862e-01   1.3120635e-01  -3.7962502e-02  -4.9438656e-02
  -1.3494285e+00  -2.9625145e-01   4.8308782e-01  -1.5797479e+00  -2.7468553e-02  -2.9591673e-01   8.7693597e-01  -5.3505529e-01  -4.3642170e-01   8.2987193e-01  -4.9914209e-01   1.5885235e+00  -1.5802781e-01   2.5048431e-02   3.5364167e-01  -1.6595131e-01   5.3534573e-01  -1.8063545e-02  -7.4608312e-03   2.8332987e-01  -1.5533157e-01
  -1.1310910e+00   1.0431599e+00  -8.5311258e-01   8.6779750e-01  -5.1282445e-01  -1.4100983e+00   6.0498640e-01   3.7444224e-01   8.4686804e-02   3.6347833e-01  -1.3039222e+00  -3.0275977e-02   7.1130059e-03  -1.0288697e+00   2.8730097e-03   5.1025320e-01  -3.8301565e-01  -1.7752457e-01  -1.5403528e-01  -1.8666217e-01   2.0334358e-02
  -2.1439482e+00  -1.2540616e+00   4.0365237e-01  -9.3887359e-01   8.5406661e-01  -8.2662079e-01  -7.8115604e-01   6.4931651e-01  -1.3262938e-01   2.6974533e-01  -7.0587649e-02   2.2720237e-01   2.1574712e-01   1.8059222e-01  -1.0607133e-02   1.0085659e-01   4.8893620e-02   3.2857728e-01   3.5320371e-03   1.6185649e-01  -3.5295781e-02
   1.9134379e-01   2.1392086e-01  -1.2343301e+00  -1.5465007e+00  -2.5800002e-01  -1.3831954e+00   1.2599528e-02   8.4037214e-01   1.4844312e-01  -1.0211158e+00   2.5892494e-01  -5.2704985e-01   4.9801678e-01  -2.8596956e-01  -8.3829197e-01  -4.6578436e-01   7.6846266e-01   2.4929300e-02  -2.2712793e-02   2.6147898e-01  -2.2332114e-02
  -1.1249360e+00   2.4462170e+00   9.8588299e-01  -1.2632839e-01   7.3413415e-01  -2.6659878e-01   4.6221514e-01  -2.0286556e-01   1.9705914e-02  -8.7509416e-02  -2.7150829e-01   2.4227416e-01   3.2024552e-01   5.5210395e-01   1.6509937e-01  -6.7390818e-03  -3.1484433e-01  -1.3197315e-02  -4.4931434e-01  -1.9031548e-01  -5.5612486e-02
  -9.4081242e-01   2.6663249e+00   1.0598945e+00  -2.8276692e-01  -4.1836472e-01   1.8870776e-01   1.4658951e-01   5.9055649e-01  -1.9845369e-01   2.0952408e-01  -3.7174296e-02   2.7867362e-01   1.8072997e-01  -9.2778325e-02  -1.0753020e-01  -4.8926864e-02  -2.1518380e-01   7.4649979e-02  -5.3363654e-02  -7.5743902e-02   5.5337094e-03
  -2.3733519e+00   1.8614924e-01   8.5971339e-01  -6.2490197e-01  -9.6825438e-02  -2.2951655e-02  -7.8873403e-01  -1.1414107e+00   4.7954099e-01   5.8180130e-01  -1.6020861e-01  -1.5052520e-01  -1.1059286e-01  -5.6732484e-02   2.1766853e-01  -2.5129189e-01   2.5164868e-01  -6.0175004e-01   2.1494136e-01   2.5184292e-01   1.0782531e-02
  -2.1888920e+00  -7.7835400e-01   2.6951216e-02   1.0192834e+00  -6.9300678e-01  -1.0088638e+00  -1.0792521e+00   3.2531790e-01  -2.2002465e-01  -3.0708520e-01  -1.2978309e-01  -1.5016675e-01   5.0723939e-01  -4.1806150e-01   3.6323090e-01   1.0042344e-01  -4.0788071e-02  -1.9879864e-01  -1.1119995e-01  -5.9823392e-02   4.1627595e-02
  -1.7114021e+00   2.0810686e+00  -7.2752100e-01  -6.8510656e-01   9.2403402e-01   9.1240421e-02  -1.8140447e-01  -3.7548408e-01  -3.8666554e-02  -3.9819422e-01  -8.5848320e-02  -8.7433258e-02   1.9581319e-02   4.1287662e-01   9.2030568e-02   1.5368264e-01   4.7769753e-01  -3.2714130e-01   5.9626332e-02   1.3821795e-01  -5.2519560e-03
  -2.8208338e-01   9.9857239e-02  -9.7553144e-01  -2.6423525e+00   6.7912503e-01  -5.7095800e-01  -8.3208004e-01   2.4150750e-01   5.7731796e-01  -2.5799334e-02   8.8779363e-02   2.0747662e-01  -6.7389734e-02   7.7454029e-02   3.2697676e-02  -6.5304427e-02  -8.7199730e-02  -2.2636308e-02  -1.8868686e-01   5.7454330e-02  -6.0651413e-02
  -8.4920965e-01   1.0533502e-01   1.9854528e+00  -8.6203280e-01   1.0980649e+00  -4.2553952e-02   4.5181379e-02  -6.7676975e-01   2.7694639e-01  -5.0707102e-01  -1.0054982e+00   1.8128871e-01   6.3987780e-01   6.8570492e-01  -2.2303722e-01  -2.3431904e-01  -2.0174145e-01  -6.6210395e-01   9.4879324e-02  -2.1079242e-01  -1.5919971e-01
  -2.3731108e+00  -7.6382792e-01   2.0844540e-03   1.2908649e+00  -3.2523357e-01  -9.2305296e-02  -1.1748047e+00  -1.2985286e-01   3.3484816e-01  -2.5806532e-02   6.6607916e-02  -4.3229607e-01  -1.1543309e-01  -2.6357968e-01   3.7090786e-02   2.8167371e-02   3.2303229e-01  -3.2664180e-01  -1.4986055e-01  -3.2019375e-02  -3.0602395e-02
  -2.4227892e+00   8.5994867e-02   7.6478999e-01  -1.0340124e+00   6.9054237e-01  -1.4172670e-01   2.6162026e-01   2.2013166e-01  -8.6092786e-02  -1.7012007e-01   6.3551844e-01   2.0698813e-01  -4.6726028e-01  -3.5324823e-01   9.1778094e-01   2.3397997e-01  -6.4944877e-02  -9.9159079e-02  -3.5609511e-01  -1.6637511e-03   7.5999926e-02
  -7.1254995e-01   2.7817339e+00   1.0780790e+00  -1.8546448e-01  -3.7487716e-02   4.2038767e-01   9.5360882e-02   2.3254232e-01  -2.5634610e-01   2.5492248e-01   2.4139545e-01   1.6829120e-01   1.7617259e-01   1.0323449e-02  -8.9481023e-02  -1.7666707e-01  -2.5429869e-01   4.1114570e-02  -5.2930653e-02  -6.0112371e-02   2.5871124e-02
  -2.2430771e+00   1.7683406e+00  -7.4424270e-01   1.0237479e+00   2.1567321e-01   8.4101696e-02   3.1650463e-01  -7.1075892e-02   1.0515300e-01   3.6487921e-02  -1.9137954e-01  -9.3272357e-02   1.8725662e-02  -1.8161956e-01  -3.4985239e-02   1.2439477e-01   7.2395860e-02  -1.0464033e-01  -8.2999595e-02   7.3524356e-02   6.4626066e-03
  -1.7981704e+00   1.8913297e+00  -5.9414419e-01  -2.3544813e-01  -1.7228441e-01  -8.9551440e-01   6.7810454e-02  -1.5147131e-01  -6.1128898e-01  -3.3854151e-01  -5.3264429e-01   3.1377993e-01  -4.0655345e-01  -5.4056287e-01   5.3232324e-01  -2.7313274e-01   4.6809076e-01   7.0333515e-04   1.2136793e-01  -6.0944987e-02   7.8089018e-02
  -1.6651338e+00   2.5285194e+00   1.7089880e-01   4.0654945e-04   3.4736237e-01   1.3309544e-01   1.1017618e-02  -2.7321721e-01  -1.7575746e-01  -4.5921472e-01  -2.1560632e-01   1.0958418e-01   1.6459053e-01   5.8009252e-02  -7.5036668e-02   9.4036534e-02   5.1700473e-01   3.1110166e-02  -1.0996529e-01  -1.0702092e-02   1.7470123e-02
   1.8302584e+00  -5.4648646e-01   4.5621916e-01   3.6104013e-01   2.4220096e-01  -1.4474895e+00   5.1225182e-01  -1.6852571e-01  -7.4623801e-01   5.0902294e-01   3.6958819e-01  -9.3133889e-01   1.1722595e-01   7.4595022e-01   4.4968531e-01   7.1573625e-01  -2.7418037e-01   1.3912447e-01   2.7955239e-01   5.4068091e-01   1.2528353e-02
  -1.8146967e+00   7.9529294e-01  -1.0180139e+00   1.4014253e-01   2.9232306e-01   1.6988633e-01   1.6131282e+00   4.6192676e-01   2.6660578e-01   2.7418853e-03  -1.5551518e-01  -4.1459297e-01  -1.1072841e+00   3.6501461e-01  -1.6916900e-01   5.9734513e-01   6.4140292e-02   2.4984273e-01   1.9943097e-02  -9.5320043e-02  -7.0613893e-02
  -1.2071463e+00  -1.8510407e+00  -4.5500759e-01   1.3032539e+00   1.1433356e+00   7.3464868e-01  -9.9292024e-02   1.1797669e-01  -7.3522022e-01   1.8087796e-01   4.8862361e-02   6.7326653e-01   3.8553262e-01   3.1420924e-01  -1.2273072e-01   1.0621815e-01  -2.2157715e-02  -1.6807164e-01  -3.4880675e-03   1.4726942e-01   2.5940287e-02
  -3.2428171e-01   1.1317117e+00   1.5557929e+00  -1.1413448e+00   1.3927020e+00  -6.2735811e-01  -8.2645034e-01  -5.6109587e-01   1.0425197e+00   2.2416032e-01  -2.2365879e-01   1.7811492e-01   2.9486131e-01   1.2010582e-01   2.8366768e-01  -2.7820121e-01  -1.5556068e-01  -1.7958510e-01   1.6889408e-01   2.1544277e-02   7.5590026e-02
  -4.1396929e-01   4.8705858e-01  -2.5456083e+00  -1.0574857e+00  -4.4729161e-01   2.1046535e-01  -6.7312215e-01   2.5087183e-01   5.5406049e-01  -2.4157991e-01   3.4715648e-01   3.6857467e-01   5.7460784e-01   4.5364577e-01  -1.1512269e-01  -1.7507157e-01  -1.5543659e-02  -1.5563953e-01  -4.2760765e-02   3.2120532e-02  -9.1002618e-02
  -1.1326337e+00   7.8240556e-02   1.1754690e+00  -9.2816829e-01   7.5845216e-01   6.3874821e-01  -2.8784031e-01  -5.9732718e-01  -9.2987762e-02  -1.0773762e+00   9.4405587e-01  -9.6973616e-02  -1.3176306e+00  -7.4140225e-01   1.8283298e-01  -5.1508579e-01  -3.8226915e-01   3.7298747e-01   2.0894844e-01   1.5113270e-01  -2.0182980e-01
  -1.2266852e+00  -1.4382683e+00   1.7856023e+00  -7.3597604e-01  -5.8806365e-01   2.2426445e-01   1.2885581e+00  -7.3865862e-02   2.7481565e-01   1.5855692e-01  -4.6238785e-03   1.5986632e-01   1.5210225e-01  -4.1728684e-02   4.0179656e-01  -4.2514468e-01   3.9343905e-01  -2.8393115e-03   6.1572214e-02  -2.8527615e-02   3.1653405e-03
  -1.9082203e+00   2.1465993e+00  -6.5378516e-01   4.9863104e-01  -4.4537720e-01   2.5216832e-01  -4.8541531e-01   2.4887033e-01   2.1676820e-02   4.7418566e-05  -4.9924026e-02  -4.9060093e-01  -1.5232876e-01   1.2593776e-01   1.8412535e-01   2.3824191e-02   3.2339979e-01  -2.4408960e-01   8.8011839e-02   1.5877164e-01  -1.3777295e-01
  -2.1644925e+00  -8.1343789e-01   8.3323543e-01  -5.8372540e-03  -1.0469585e+00  -1.0379773e+00  -8.8839307e-01   1.1115288e-01  -3.8199435e-01  -5.2938874e-01  -8.8925902e-02  -2.1536025e-01   2.1617140e-01  -3.5735447e-01   2.9219272e-01  -3.2676273e-01   1.7586423e-01  -3.1288250e-01  -2.8160305e-02  -1.5945902e-01  -4.3421824e-02
  -1.2241156e+00  -1.1358417e+00  -1.2962250e+00   5.5681078e-01  -5.7454991e-01  -4.9714140e-01   5.3701880e-01  -1.5496786e+00  -7.7080863e-01  -1.9265174e-01   4.9723019e-01   4.7498869e-01   4.2403990e-01  -7.2536563e-01  -5.6770517e-02  -3.3562450e-01  -3.4443605e-02   7.8441587e-02  -8.3399665e-02  -1.4006514e-01  -1.4364649e-02
  -7.3867050e-01   9.8326415e-01   2.2314502e-01   1.8548699e+00   1.3016916e+00  -1.1490955e+00   9.5190257e-01   1.5968886e-01   9.9298746e-02  -2.7500378e-01   1.7039508e-02  -6.9078908e-01  -1.0383942e-01  -3.3450434e-01  -4.2730838e-01  -1.5171705e-01   1.0374882e-01   3.8660543e-01  -6.7563271e-02  -9.4120096e-03   3.9291346e-02
  -2.6910241e+00  -6.3685730e-01   4.5812255e-01  -6.0406673e-01  -7.5975034e-02   1.8726615e-01   8.5976527e-01  -5.0664630e-02  -5.3659471e-01  -3.2307517e-01   2.9665998e-02   3.5481428e-02  -3.7434503e-01   2.9997836e-01   5.0416375e-02  -4.2117810e-01   2.1984820e-04   1.5705345e-01   2.8866969e-01  -2.8885816e-01  -1.6464511e-01
  -1.8781163e+00  -2.0239695e-01   8.8926222e-01  -1.5943604e+00   1.1776406e-01  -5.3591230e-01   7.3753392e-01   1.0921338e+00   1.2621160e-01   5.3659578e-02  -1.2236860e-01   2.1208796e-02  -1.7619802e-01   1.0722698e-01  -5.3565537e-02   7.8474276e-01   4.4494496e-01   4.0346602e-01   5.4640930e-02   1.0301697e-01  -4.9323455e-02
  -1.0256253e+00   6.5806939e-02   4.8266606e-01   1.6401907e+00  -1.2630983e-01  -5.9556864e-01   6.9444142e-01  -1.3371693e+00   1.6259875e+00   3.7156700e-02   1.5305026e-01   2.3396483e-02  -1.6149155e-01  -2.7324260e-01   3.6678590e-01  -3.2655759e-01  -3.0706801e-01   1.8450540e-01   3.7701254e-01   3.1866252e-01   2.8807119e-02
  -2.7303307e+00  -1.1976734e+00   5.7232219e-01  -1.5341636e-01   3.1847629e-02  -6.6923078e-01  -3.9645962e-01   7.7556375e-02   5.7620841e-02   4.7552424e-02   5.8757366e-02   9.0910291e-02  -1.1539394e-02   9.6454330e-03   2.0302232e-01   2.4694618e-01  -1.8990150e-01   6.1340509e-02   1.7099174e-01   1.8058689e-02  -1.5406396e-02
  -1.0097531e+00   2.6942070e+00   7.8202432e-01  -1.9031395e-01  -6.3514205e-01   3.2305482e-01  -1.4459509e-02   5.2236456e-01  -2.6628640e-01   1.1479196e-02   1.6389655e-01   3.6481640e-01   1.9149748e-01  -8.9661509e-02   1.6539271e-02  -1.0021336e-01  -2.1990375e-01   9.4161932e-02  -3.5530602e-02  -2.6395573e-02   3.6115919e-03
  -5.5332974e-01   2.0087990e+00  -2.6300050e-01   6.2148266e-01  -4.5432235e-01   1.4656430e+00  -6.0206753e-02   7.7391317e-01  -1.9519402e-03   3.8895662e-01   7.9313878e-01   7.8149815e-02   8.2028940e-02  -1.5002154e-01   2.1969743e-01  -9.2708867e-01   3.2601373e-01   5.3046826e-01   3.1434194e-01   1.9576127e-01  -4.4382757e-02
  -8.4815350e-01   2.6419023e+00   8.6490006e-01  -3.0715995e-01  -6.6798849e-01   3.7793426e-01  -5.4016946e-02   5.8731957e-01  -3.2360553e-01   3.3997312e-01   2.7524855e-01   2.2953631e-01   1.7947829e-01  -2.1314314e-01  -3.9286039e-02  -4.0371113e-02  -3.2521065e-01   1.3028813e-01   4.2987314e-02  -8.9467004e-02  -1.7038871e-02
  -6.4756783e-01   2.4904504e+00  -3.9648612e-01   1.2118678e+00  -2.2372595e-02   4.2929414e-01  -7.0812339e-01  -5.1750914e-01  -1.8543292e-01  -2.5182290e-01  -5.1169905e-01  -4.1064423e-02   3.3577058e-01   3.6354362e-01   3.7143644e-01  -1.0311633e-01   2.9311048e-02   7.7856909e-02   2.1013322e-01  -3.8766677e-02   4.2041670e-02
  -2.3480391e+00   6.7196121e-01  -1.2676456e+00   9.4181310e-01   1.9261747e-01  -3.0377342e-01  -1.5479184e-01   4.9362258e-01  -2.0447529e-01  -4.6006220e-01   9.9740471e-02  -1.0585831e-01  -2.7299507e-01   3.4544626e-01  -4.2061713e-01  -5.1981931e-02   5.4036566e-01   1.3344643e-01   9.4234780e-02   4.3229406e-01  -5.8435563e-02
  -8.8349835e-01   8.2766346e-01  -1.7836194e+00  -8.2501309e-01   2.3189379e-01  -9.3230613e-01   7.9244881e-01  -7.5072131e-01  -5.6260520e-01   2.3190803e-01   9.2082122e-01   3.8453232e-01   3.1262624e-01   1.2104651e-01  -6.0953165e-01  -6.4552676e-03   4.8059297e-01  -3.4928572e-01   1.7987297e-01  -5.6926561e-01  -3.7317274e-02
  -2.1918485e+00  -1.6489687e+00   1.1345964e+00   4.6901204e-01   3.2260480e-01   4.1793557e-01  -7.5501607e-01   1.4204118e-01   7.2761646e-03   4.3562719e-02   8.2650131e-02  -2.0566450e-01  -1.3251670e-01  -7.7946994e-02   4.3591854e-02   1.3388786e-01   1.2113739e-01  -1.2011313e-01  -1.2279252e-01   4.9554204e-02   5.8037490e-02
  -2.3100176e+00   1.7671475e-01  -8.5634567e-01   1.4106729e+00   2.2551566e-01   4.4661432e-01   7.0794195e-02  -5.4756112e-01   7.8716438e-01   7.1082458e-01   4.2323567e-02  -7.3786010e-04  -2.5175787e-01  -2.2510595e-01   5.7661888e-02  -1.0587716e-02  -2.9047432e-01  -5.6830196e-02  -1.4109482e-01   3.1065786e-02  -1.3259105e-01
   3.3491020e-02   1.8384421e+00  -1.1496977e+00  -1.2047394e+00  -1.7017162e-01   5.8516540e-01  -9.9707911e-01   3.8174755e-01   3.5294647e-02   1.6455499e-01   1.8568629e-02  -7.7353270e-01  -5.1375888e-01   1.9963723e-01   3.3923316e-01  -7.2563125e-01   7.5365231e-02  -1.2262528e-01   7.7493621e-01  -3.6128985e-01  -1.1070634e-01
  -1.8368453e+00  -1.3200511e+00  -9.8816117e-01   5.8803403e-01  -3.2743975e-01   3.4639056e-01  -1.2301378e-01  -1.3458466e+00   9.3978143e-02   1.1172901e+00  -5.9616277e-02  -2.4996866e-01   1.9052327e-01   1.3796895e-01   3.5795840e-02  -1.2466470e-02   8.0156911e-02   3.2168489e-01  -3.9835748e-02  -8.1591593e-02   1.3903911e-01
  -2.0410101e+00  -1.1443381e+00  -3.8862068e-01  -9.1643258e-01   6.4498065e-01  -6.3449114e-01  -9.6616752e-01  -6.4204543e-01  -4.1611611e-01  -3.2622790e-01  -4.3878409e-01   1.4168313e-01   5.7792413e-01  -8.3150819e-02  -5.6310554e-01   2.2855854e-01   3.1810319e-01   8.5508467e-02   2.5783913e-01  -4.0221773e-02   4.9624784e-02
  -2.1713142e-02   1.8283429e-01  -1.4649046e+00  -8.0126716e-01  -5.8652010e-01  -1.5409086e+00   1.1721213e+00  -8.0414279e-02  -5.3781925e-01  -4.8136270e-01   7.3418844e-01   8.1027870e-01  -3.7938686e-01  -4.6937879e-01  -3.9594155e-01  -4.1552697e-01   1.6951692e-01  -3.7925633e-01   4.2025057e-01  -5.0670835e-01   2.5564506e-01
  -4.3777177e-01   2.0821926e+00   1.3945632e-01   8.2624122e-01   9.7953812e-02   1.1570122e+00  -1.9866854e-01  -7.8357842e-01   2.1688019e-01  -5.6774635e-01   5.3272411e-02   8.5491015e-01   8.4605185e-01   1.1564402e-01   4.1261197e-01   2.2658354e-01   7.0379721e-01   9.9376173e-02  -3.3500425e-01   2.2003354e-01   2.2499421e-01
  -2.8705556e-01  -2.9533370e-01  -2.2662015e+00  -8.5544973e-01   7.1007456e-01  -3.1571975e-01   5.3312150e-01   6.8523396e-01  -2.3379757e-01   3.9234843e-01  -8.2318711e-01   2.8421870e-01  -8.3211746e-01  -6.3899988e-01   4.5410721e-01  -2.7385471e-02   1.8383702e-01   5.4122728e-02  -4.1936412e-01  -2.6062911e-01   2.2775339e-01
  -1.4271718e+00  -1.2305872e+00   7.0096622e-01  -1.7151629e+00   2.8824135e-01   1.8945823e-01  -8.1382659e-01  -2.3068208e-01  -3.0975252e-01   8.6821105e-01  -8.4616860e-02   2.4819254e-01  -5.5282268e-01   6.2783052e-01  -5.6160772e-01   2.7180501e-02  -1.3324801e-01   1.2297104e-02  -4.5693750e-01   1.6047273e-01   2.5996883e-03
   2.3462655e-01   1.5273697e+00   9.3477018e-01   7.1792930e-01   2.1281290e-01  -1.2208965e+00   7.4801489e-03   8.8866162e-01   1.6287174e+00  -1.7098414e-01  -7.6198821e-01   1.9188108e-02  -3.1971196e-01  -3.5546233e-01  -5.2531856e-01  -2.8991326e-01   8.9647120e-02   9.2130653e-02  -8.6593186e-02  -1.5812325e-01  -3.4810788e-03
   3.3049098e-01   4.9605895e-02   1.3769675e+00   1.2183715e+00   8.2318819e-01  -1.2019051e+00  -4.9582154e-01   8.8723746e-01  -7.9932253e-01  -3.5948879e-02   1.8239544e-01  -1.1226287e+00   5.0857383e-01  -2.1386521e-01   9.9142822e-01   5.8954989e-03  -2.2765989e-01   1.3536754e-01   1.2499967e-01   1.6623697e-01   1.4196059e-01
  -2.2177584e+00  -1.3169274e+00   7.6697072e-01  -8.5243800e-01   3.2049356e-01   3.4080330e-02  -1.2886486e+00  -7.8991865e-02  -8.8283767e-02   2.5419825e-02  -1.0456726e-01   1.4012551e-01   1.4328316e-01  -3.0214557e-02   2.3929931e-03   4.5122167e-01   3.1567876e-02   1.0639902e-01   1.7132837e-02   8.9847823e-02   6.3257641e-02
  -1.6226556e+00  -1.9196183e+00  -1.3649065e-03   8.2936093e-01   5.7957375e-01  -6.1188018e-02  -1.0379018e+00   1.0735331e+00  -3.8942490e-02   1.5389237e-01  -2.5570579e-01   3.0044254e-01   2.9474305e-01   2.2657951e-01   1.6588863e-01   8.9103771e-02  -1.3130988e-01  -2.2997372e-01   2.4827211e-02   1.2598595e-01   4.0484511e-02
  -1.5956315e+00  -1.6989102e+00   1.2424765e+00  -9.5455465e-01  -5.6899527e-01   5.9415124e-01   7.8188969e-01  -6.3768399e-02   2.4196362e-01  -2.9960576e-01   2.5930113e-01  -4.2846673e-01  -2.6121969e-01   4.4330378e-01  -1.5079782e-01   1.9204209e-01   3.1278667e-01   9.2116062e-02  -7.4833672e-02  -2.5062966e-02  -1.6714141e-02
  -1.7913665e+00   1.2221062e+00  -9.7917926e-01   7.1293272e-01  -1.1528023e-01  -6.0065634e-01   6.5411803e-01   1.9347987e-01   9.3656508e-01   3.6390003e-01  -1.2273498e+00   1.9612870e-01   2.4267262e-01  -2.8478736e-01  -1.2422961e-01   1.3184353e-01  -4.8920765e-01  -1.5672906e-01  -1.0323978e-01  -1.3386591e-02   3.2286483e-02
  -1.1473039e+00   1.6310423e+00   1.0145737e+00   1.0448294e+00   1.4853743e+00  -4.9563282e-01   1.3785273e-01  -7.3848325e-01  -3.8352557e-01   3.0702420e-02  -5.5316920e-01  -4.8057838e-01  -5.1048843e-02   1.7842775e-01  -7.8064445e-02  -3.6844177e-01  -1.0693273e-01   6.3244932e-02  -1.0557951e-01  -1.2030372e-01  -3.8324029e-02
   9.3616591e-01   2.7412070e-01  -1.7224513e+00  -2.1872028e+00   6.9384371e-01  -6.2329859e-01   9.0482234e-03   1.1609244e-01  -1.5032732e-01  -3.6443936e-01  -3.3273601e-01  -1.4872631e-01   1.7460313e-01  -8.8757362e-02   4.4363258e-03  -3.4510233e-03   9.3863485e-02   1.2763590e-01  -2.5568297e-01   8.0166774e-02  -2.4083170e-02
  -2.2357324e+00  -1.3287482e+00  -1.5569342e+00   6.4629461e-01   3.4182358e-01   1.7416402e-01   2.8080178e-01   1.1988861e-01  -2.9840381e-01  -4.6920998e-02   1.5910899e-01  -6.9178082e-02   2.2523738e-01   1.3583571e-02  -4.0411288e-02   1.0097147e-01   1.5786450e-02  -1.1424768e-01  -4.4017111e-03   4.6131190e-02  -8.8706684e-03
  -1.2721936e+00   2.6761703e+00   4.2185804e-01   2.2303048e-01  -6.2774550e-01   5.0158068e-01  -2.1700078e-01   2.8691199e-02  -8.1966867e-02  -1.3327074e-01  -2.1050712e-01  -1.4033749e-02  -3.6951618e-02   6.8446399e-02   2.8406805e-01  -6.2356935e-03   3.4754550e-01  -8.0107043e-02   1.5425384e-01   1.2123790e-01  -6.3980255e-02
  -1.1252163e+00  -1.5199755e+00  -1.7771102e-01   1.0821479e+00   1.4291947e+00  -3.2970414e-01   6.4521678e-01  -1.4437656e-01  -5.8907911e-01   3.8991414e-01   7.6725107e-01   8.5596306e-01   3.9863596e-02   4.1236040e-01  -6.7731269e-01  -2.8524727e-01  -9.8250497e-02  -5.7280778e-02   3.0020131e-01  -1.2653038e-02  -4.8675301e-02
  -4.1377431e-01  -5.2606734e-01  -2.7505218e+00  -4.5932941e-01   2.7787861e-01   6.8867706e-02  -2.6162813e-01  -2.0503392e-02   9.9565233e-02  -1.0083193e+00  -3.2144737e-01  -4.5050994e-01  -6.1188351e-03   1.6719341e-01   4.6592876e-01   1.4065294e-01  -9.8910309e-02  -8.6825837e-02  -1.9967519e-02   1.3056932e-01  -1.0110397e-03
  -1.8898726e+00  -1.1958453e+00   3.0731355e-01  -1.1191187e-01   2.4739053e-01   2.1641759e-02   7.9600619e-01   4.5429881e-01  -8.9000666e-01   4.1360840e-01  -7.5455631e-02   9.3050763e-02  -1.0660588e+00   2.5996307e-01   2.4157104e-01  -1.0168548e+00  -2.3614043e-01   2.9309185e-01   5.2477896e-01  -5.1247125e-01  -1.8820232e-01
  -1.3377450e+00  -7.8130358e-01  -1.1333748e+00  -8.2516839e-01   2.9642731e-01   5.1287395e-01  -1.5871077e-01   5.0525735e-01  -1.8331000e-01   6.9709753e-01  -1.3760989e+00   4.7742096e-02  -4.1391719e-01  -1.9321155e-01   7.4594154e-01  -2.5449576e-01   2.6589900e-01   7.4454811e-01  -1.0466171e+00  -3.1373513e-02  -1.9190518e-01
  -1.9619701e+00  -1.8930036e+00  -1.4184479e-01   1.1204469e+00   4.8586715e-01  -5.6974290e-01  -2.0790925e-01   1.0348766e-01  -1.7898172e-01   3.5401883e-01   2.3699440e-01   4.6492002e-01  -2.6312025e-02   1.7086104e-02  -3.8674632e-01  -1.0238786e-01  -2.0765964e-01  -2.7037948e-02   2.6450064e-01   4.1338635e-02  -4.0255803e-04
  -3.8513379e-01   1.1554447e+00   7.9387818e-01   6.2632910e-01   1.2697434e+00  -6.8298647e-01  -1.2609456e+00  -9.3215196e-01  -3.8248381e-01  -1.2220992e-02  -1.2882207e+00   4.5547135e-01   4.8581548e-01  -1.9738992e-02  -6.1638042e-01   1.8146396e-01   1.3590669e-01   3.3742000e-01   1.9331494e-01  -3.5636426e-01   2.0983998e-02
  -2.0764063e+00  -1.0397721e+00  -1.3276859e+00   9.2746752e-01   1.4755252e-01   2.3870072e-01   9.9301545e-02   9.3552833e-01  -5.0257796e-01  -1.7882241e-01   2.3688648e-01   2.4953164e-02   4.2338858e-01   4.7458996e-01  -1.7855366e-01  -3.1920801e-01   2.8581161e-01   1.1521729e-01   1.9692353e-01   1.1035223e-01  -1.0047158e-01
  -1.0716486e+00  -1.4685877e+00   1.6765989e+00  -4.0103890e-01  -7.3669161e-01   1.3124853e+00   6.2120988e-01   3.8620379e-01   4.4756256e-01  -1.4945495e-01   1.1448362e-02  -6.8024479e-01   3.6182029e-01   1.1137088e-01   1.7032753e-01   3.4527933e-02   1.1128977e-01   4.9907159e-02  -1.8552069e-01  -7.6769132e-02   1.1964711e-01
   1.4079741e+00  -3.7214140e-01  -1.9469758e+00  -7.3914276e-01   6.2895351e-01  -7.4276509e-01   2.1790592e-01   3.5422305e-01   4.9043821e-01   9.5208423e-01   2.2760243e-01   7.2572092e-02   7.0758036e-01  -5.4049254e-02   4.8527386e-01   8.3669967e-02   2.4946944e-01  -4.2792137e-01  -1.8423508e-01  -3.5972459e-01  -2.5478480e-01
  -2.1550068e+00  -1.1581693e+00   8.1071522e-01  -2.6572176e-01  -6.6593644e-01   5.2931241e-01   1.4305552e+00  -3.3487267e-01   2.0603728e-01  -2.2783833e-01   1.6504071e-01  -2.4451721e-01   1.3776753e-01   2.6763580e-01   2.5198656e-01  -5.7222072e-02  -1.5880655e-01   2.0248751e-01  -7.2194650e-02  -1.5599837e-01   7.9625624e-03
   4.0842380e-01   6.0503381e-01   2.0655440e+00   4.7980507e-02   1.5689527e+00  -4.3850773e-01   2.7922156e-01   4.4694168e-01   8.5590264e-01   3.8083081e-01   5.4999776e-01  -5.9348125e-01   2.7797732e-01   2.5925019e-02   6.1828720e-01   7.5208266e-02   3.3839617e-01  -2.0909806e-01   1.8022889e-01  -1.1738911e-01   2.5621939e-01
  -9.1665175e-01  -8.8629327e-01   1.0618155e+00  -8.1913835e-01  -1.2381616e+00  -1.0351841e+00   2.9459494e-02  -1.3990726e+00  -4.2853160e-01  -5.5018471e-01   4.1624222e-01  -3.8598041e-02   3.3265547e-01  -8.5742110e-01  -3.4807773e-03   4.3525222e-01  -2.0264523e-01  -1.2350359e-01   5.1172454e-01   1.2554963e-02  -4.2168159e-02
  -8.4703271e-01   1.8450695e+00  -4.4621842e-01  -1.7825167e+00   4.4991963e-01  -1.0178301e+00   4.6753002e-02  -7.1860903e-01  -1.5779862e-01  -3.3064354e-01  -8.5440885e-02  -2.1498972e-01  -3.5078307e-01   1.4100188e-01   5.3390872e-02   1.6230747e-01   4.3194648e-01  -2.6748388e-01  -3.3156886e-01  -1.6496596e-01  -2.5780833e-02
  -2.6324761e+00  -1.1913850e+00  -3.3356016e-02   5.7601293e-02  -6.1593822e-01   3.6481502e-01   7.2909917e-01   8.3700071e-03  -4.9420073e-01  -3.0874830e-01   1.7882926e-01  -2.0209881e-01  -2.1504201e-01   2.8021717e-01   2.2060309e-01  -9.5413931e-02   4.3314726e-02   1.2657792e-01  -3.2061609e-02  -1.6493944e-01  -2.2751300e-02
   2.7499710e-02  -5.1398862e-01  -1.0578422e+00  -2.2531370e+00   4.2806893e-02  -1.5319218e+00  -3.7382586e-02   3.4237416e-01   7.2487932e-01  -2.5810112e-01   3.1501796e-01   7.8668559e-02   1.3496821e-01  -1.5604975e-02  -5.7208686e-01  -5.8313392e-02  -3.4919079e-02   1.5016448e-01  -2.6738586e-02  -9.4204149e-02   5.9715312e-03
  -1.8113697e+00   1.3045162e+00  -1.1703327e+00  -3.5612315e-01   5.6942052e-01  -9.8457939e-01   5.0603356e-01   1.4342113e-01   8.6298550e-01   4.9089930e-01   4.4239397e-01  -3.5957189e-01  -1.5484837e-01  -3.1349453e-01   1.9362657e-01   2.5767738e-01   2.3197701e-01  -4.9623519e-01   8.7890273e-02  -2.5193735e-01  -2.1598207e-01
  -1.6598577e+00  -2.3383836e-01  -2.5773486e+00  -6.7709106e-03   1.3427046e-01   4.3343166e-03   1.9827950e-02  -1.6825810e-01   4.3654258e-02  -4.8851430e-01  -4.1254531e-02  -2.9996647e-01  -5.7003696e-02   2.1648333e-01   9.9009375e-02   2.3504224e-01  -2.0255234e-01  -1.9029806e-01  -4.8511102e-02  -2.0343777e-02  -2.7765020e-02
  -9.4948754e-01  -5.5026830e-01  -1.6247285e+00  -6.3660302e-01  -8.4885861e-01  -6.1845780e-01   3.2083119e-01  -4.0092048e-01   2.2975935e-01  -1.5710017e+00   4.2755214e-01   8.3642933e-01   2.5210426e-01  -7.3387680e-02   3.2604143e-01  -3.3436417e-01  -5.8811398e-01  -5.5940774e-01  -1.8711131e-01   1.9607053e-02  -4.7683016e-02
  -1.9838729e-01  -7.0723028e-01   2.0623782e+00   4.0399108e-01   8.1917235e-01  -5.3486815e-04   1.0767440e+00  -1.4071573e-01  -2.7299541e-02  -1.5996882e+00   4.7155034e-01  -1.1186028e-01   2.6214004e-01   2.8090684e-01  -2.5463621e-01   1.4541956e-01  -2.9551853e-01   2.2602168e-01   1.6225114e-01  -8.4434037e-03   7.2891209e-02
  -1.4370719e+00   2.4366611e+00  -2.0637161e-01  -5.7820790e-01   3.4090574e-01   4.7806159e-01  -9.2555326e-02  -3.3140955e-01  -2.2633820e-01  -6.4385028e-01   2.4510055e-01   3.3310973e-01   2.2299533e-01   2.5240462e-01  -1.5012568e-01   1.7761238e-01   5.4000149e-01  -1.9894956e-01  -1.5990663e-01   1.0724588e-01   9.8596238e-02
   3.5463559e-01  -1.5797881e+00   1.4855623e+00   1.6168677e-01   1.8720488e-01   1.7125014e+00   3.2939140e-01   3.6592335e-01   1.9096658e-01  -9.4498127e-01  -5.6627503e-01   6.0851542e-01   2.0939215e-01  -1.3588935e-01  -1.0119091e-01   3.4925831e-01  -7.9218699e-02  -2.9714922e-01   1.2597209e-01  -5.5807930e-02  -1.0158004e-01
  -7.2954935e-01   1.2058874e+00   2.4406445e-01  -1.8312912e-01   2.4663102e-01  -6.6888874e-01   4.7248821e-01   5.4785537e-01   2.1909173e+00  -7.1007120e-02   7.8071574e-01   3.8572837e-01  -2.5296618e-01  -7.0451317e-01  -6.9264089e-01   1.1649136e-01  -4.4850143e-01  -1.4796113e-01  -1.5492972e-01   6.2871840e-02   1.5489078e-01
  -2.3283808e+00  -1.6431439e+00   4.5257777e-02   5.9203922e-01  -3.7146454e-01  -4.3666146e-01  -6.2363016e-01   7.1488641e-02  -1.3773856e-01  -3.8268450e-01   4.0360557e-01  -2.8562878e-01   1.5563315e-01  -2.7366845e-01   3.4830271e-02  -2.1886093e-02   2.7348624e-01  -3.9961627e-01  -2.6903281e-01  -3.2175674e-02   6.7322179e-02
  -2.0050136e+00   4.0013494e-01  -1.4228877e+00   1.6755378e+00   6.0305164e-01   2.4158834e-01   4.6846414e-01  -2.2735269e-01   2.9155659e-01   1.7388703e-01  -6.4722857e-02  -3.3032559e-01  -1.7786831e-01  -1.4283109e-01   2.9749059e-02   7.1539643e-02  -1.3016280e-01   9.0856018e-02   8.0575645e-03   1.0146746e-01  -4.4543871e-02
   6.5236106e-01  -1.4132685e+00   1.5729010e+00  -3.7895255e-01   6.1243101e-01   1.6450118e+00   1.3649188e-01   5.3208065e-01  -3.8778104e-02  -6.9478141e-01  -6.2843564e-01   1.3859255e-01   3.4972392e-01  -5.4167587e-01  -2.9765426e-01   2.8866203e-01   1.9125619e-01  -1.8546317e-01   6.2184526e-02  -8.8753338e-02  -1.0986913e-01
  -1.0743719e+00   6.8667324e-03   2.6773497e-02  -1.2993809e+00  -7.9972643e-01  -2.3466113e-01  -9.9562469e-01   4.5945004e-01   4.4012089e-01   5.0561137e-01   1.7480368e+00   4.3688697e-01   5.7889814e-01   3.8696927e-01   8.8021272e-02  -3.8812827e-01  -7.8969650e-01  -2.0586159e-03  -3.8119173e-01  -3.7343847e-01  -1.2648930e-01
  -1.8205599e+00  -1.6170955e+00  -1.4628173e+00   2.1987153e-01   6.7188252e-02   4.4876877e-01   2.5464176e-01   9.9754230e-01  -1.0907385e-01   1.6296478e-01   4.2170485e-01  -1.5286768e-01   4.5764821e-01   2.9355522e-01  -1.8875103e-01   7.2500483e-02   7.2496152e-02   1.6148353e-01   6.5796933e-02   1.4994388e-01   4.2768583e-02
  -1.2751121e+00  -1.9603551e+00  -1.6840738e-01  -3.0393265e-01   1.4812853e-01   5.4638212e-02   1.3628363e+00   2.2522514e-01  -2.4767059e-02   3.8920212e-01   2.3868068e-01  -8.9996870e-01   9.8031256e-01  -3.9858125e-01  -2.6916959e-01   7.2185673e-02  -2.0301994e-01  -3.2900281e-01  -3.1759326e-01  -9.4811102e-02   8.0468291e-02
  -9.4288120e-01   1.5977663e+00  -2.2724737e-01  -1.3759837e+00   2.2553548e-01   7.6921323e-01   6.5681677e-01   3.6306174e-01  -2.3012202e-01  -3.7972210e-02   1.5486075e+00   3.6463285e-01   5.0597321e-02  -7.0769939e-01  -1.4103356e-01   4.4272023e-01  -1.5656761e-01  -2.7987989e-01  -7.9956299e-02  -1.8270930e-02  -6.0261163e-02
  -1.0929207e+00  -1.4500495e+00  -2.0750739e-01  -2.0624972e+00   1.0483529e+00   8.2491973e-01   2.2485163e-01   2.6006943e-01  -3.8990708e-01  -1.9915569e-01  -4.4097300e-01  -6.4193889e-02   2.4096075e-01  -1.8096410e-01  -3.5958903e-02   1.3442746e-01   4.6251955e-02  -4.1455947e-02   1.2635118e-01  -1.9767645e-02   2.2897112e-02
  -2.1868206e+00  -1.9624521e+00   1.1432079e-01   6.1487335e-01   2.6683951e-01  -8.3921799e-02  -6.7304468e-01   5.2417006e-01  -4.5545411e-02   1.7531624e-01   1.7768513e-01   1.3629407e-02   2.5085393e-01  -1.5840047e-01  -3.6350295e-02   1.0584167e-01  -8.2018920e-02  -1.8406649e-01   4.4536419e-02   4.8403876e-02   3.5308794e-02
  -1.9255646e-01  -9.7929232e-03  -2.6761008e+00  -7.5239203e-01   1.8052318e-01   1.6631356e-01  -1.6770054e-02   1.0677048e+00  -3.2146970e-01  -1.6003733e-01  -4.9514315e-01  -3.8865953e-01   3.4867677e-02  -2.2546772e-01   7.8042781e-03  -2.1431896e-01  -2.4315472e-01   4.6942451e-01   2.8879408e-01   2.1560637e-01   8.5989692e-02
  -9.6457416e-01   9.5721980e-01   1.9731278e+00   2.6476385e-01   4.2737632e-01  -6.2081523e-01   1.0634130e-01   6.2311045e-01   9.5924557e-01   4.5065887e-01   9.6667619e-01  -3.7310133e-01  -3.1506339e-01  -1.2156769e-01  -2.7385728e-01   8.5540640e-01  -1.2556596e-01   9.4835442e-02   2.2547909e-01  -1.4356960e-01  -1.1587453e-01
  -2.1357747e+00   4.6037236e-01  -1.5440774e+00   1.2656662e+00   5.8229373e-02  -1.4499679e-01   1.6681099e-01   8.1745835e-01  -1.8295805e-01  -1.3210985e-01  -1.2988769e-02  -4.0272356e-01  -1.6958302e-01  -1.7086022e-01  -4.0941407e-01  -1.4305274e-01   4.0068820e-02   9.9637891e-02   1.4964484e-01   1.9016326e-01  -1.1106487e-01
   5.1586755e-01  -1.4778493e+00   1.4362544e+00  -7.8670305e-01   7.1478084e-01   1.6284329e+00  -4.9442329e-03   1.7725219e-01  -3.4665518e-02  -7.9648573e-01  -5.2096121e-01   1.4251921e-01   2.4523624e-01  -5.9553015e-01  -3.0956140e-01   4.0436063e-01   1.0738972e-01  -1.9306100e-01   1.2668403e-01  -4.4292072e-02  -1.0116644e-01
  -2.7065266e+00  -6.8507216e-01   6.4737147e-01   5.4674320e-01  -9.3211592e-02   4.1867964e-01  -2.2093014e-01  -4.4812975e-01   4.2609321e-01   5.7852799e-01   1.6946515e-01  -6.9623465e-02  -3.2448730e-01   4.9046873e-01  -1.7679095e-01   2.6231081e-01  -6.9285377e-02  -2.3775387e-01   8.7703590e-02  -8.5327860e-02   2.2881412e-03
  -1.4193937e+00  -1.5643542e+00   7.2325026e-01  -4.4353096e-01   1.9520015e-01  -2.0599318e-01   1.5521648e+00   8.8552982e-01  -5.9606743e-01  -7.4003818e-01  -1.7569854e-01  -4.6129731e-01   3.0954191e-01  -1.2423694e-03  -7.8279648e-02  -3.1832217e-01   3.5559871e-01  -2.4073416e-01  -4.6201403e-02   1.2600766e-01  -4.1071209e-02
  -3.0417412e-01   1.7739860e+00   1.5131726e+00  -1.9011527e-01   1.6649404e+00  -5.6484238e-01  -4.0235503e-01  -5.9263010e-01   2.2905787e-01  -3.7890075e-01  -2.4776250e-01   1.7804698e-01   2.1556828e-01   3.2506625e-01   5.6249016e-01  -1.4824455e-01   5.7935392e-02   4.3520015e-02   1.0744515e-01  -2.9657400e-02   2.0594218e-01
  -7.7703160e-01  -3.8202679e-01   9.0475298e-01  -2.0517456e-01  -1.3098364e+00  -2.3519219e+00  -2.9778656e-01   5.0967447e-01  -7.4787732e-01   1.7305775e-01  -3.7601667e-01   5.8867682e-02  -8.8316754e-02   1.2263364e-01  -2.5823014e-02   8.5155802e-03   1.8282195e-01  -3.7244504e-02  -2.4652494e-02   6.6703477e-02   6.0875378e-02
  -3.0269985e-01  -5.2495538e-01  -2.7999534e+00  -1.5726791e-01   7.4139842e-02  -6.2534329e-02  -3.3643465e-01  -2.3341562e-02  -9.4903173e-02  -6.5855703e-01  -4.0251570e-01  -1.7237734e-02  -1.4664085e-01   3.0654329e-01   6.5920664e-01   3.8714290e-01  -3.5910043e-01  -4.5419348e-01  -9.9754844e-02   1.3845760e-02   6.4222373e-02
  -5.9964703e-01  -1.4919611e+00   7.1119408e-02  -2.4502706e-01   8.3261196e-01  -1.8477555e+00  -5.3107940e-01   5.8138744e-03  -2.4932174e-01  -2.3098624e-01   4.4904572e-01   7.5523484e-01  -8.3529707e-01   9.5898345e-02  -6.5049227e-01   8.6640577e-01   5.8940346e-02  -1.1984571e-01   3.7356115e-01   5.6170974e-02   1.8454287e-01
  -1.0603783e+00   2.6387510e+00   9.9682848e-01  -2.3799357e-01  -6.0722490e-01   3.6440035e-01   4.7794278e-02   3.4964122e-01  -1.5874632e-01   2.0001666e-01   1.5173702e-01   1.9139875e-01   1.3900616e-01  -1.3169495e-01   5.3481985e-02  -1.7881531e-02  -3.4455478e-01   6.4565045e-02   7.0601232e-02  -5.5087356e-02  -5.5029812e-03
   5.0380513e-01   3.3286218e-02  -1.6807171e+00  -2.1202733e+00   7.6308604e-01  -5.4806665e-01  -3.5234711e-01  -2.4252951e-02   5.4556526e-01  -3.0914241e-01   1.1475360e-01  -2.2833002e-01   8.0252336e-01   1.8607131e-02  -1.1899922e-01   3.5093021e-01  -2.0366676e-01   1.4683074e-01  -2.9108963e-01   3.3293696e-02  -1.7572655e-01
  -1.9195881e+00  -1.0817770e+00   1.0923711e+00  -1.3555594e+00  -6.5457940e-01  -5.7939154e-01   4.1490714e-01   8.5645795e-02   5.1403857e-01  -4.8628194e-02   3.9313594e-01   1.9399520e-01  -3.4819552e-01   2.4203689e-01  -5.2855018e-01   4.1561854e-01   2.5090376e-01  -1.6823283e-02   5.1128595e-02   1.3026268e-01   9.7198768e-02
  -1.1110491e+00   1.5907722e+00  -9.1882051e-01  -1.1888832e+00  -1.7883054e-01  -6.4901530e-01   5.9201306e-01   5.7335719e-01   8.0290160e-01  -1.9923073e-01  -1.0430622e-01  -9.7987293e-01   1.2055796e-01  -7.5969534e-02  -3.6228886e-01  -4.9382313e-02  -7.2734904e-01  -6.4055503e-01   2.8520554e-01  -6.9503806e-02  -1.1835197e-01
  -1.4752901e+00   7.1965290e-01   1.3641864e+00  -1.6055273e+00   5.8808121e-01  -4.0468007e-01   5.6701781e-01  -3.5923333e-01   5.2705329e-01  -4.0458290e-01  -5.3406405e-01  -2.1993575e-01  -9.7651939e-02   6.2989288e-01  -2.3230100e-02  -7.1401853e-01   1.9472275e-01  -1.8903024e-01  -1.9829697e-01   2.7670131e-01  -1.8721319e-01
  -6.8292753e-01   1.5007201e+00   1.6602151e+00   5.8998661e-01   5.0538216e-01  -8.3347481e-01  -1.0423122e+00  -8.4985915e-01  -6.8114551e-01   7.3033995e-02  -7.0450651e-01  -5.6304987e-01  -1.3631909e-01  -7.2107674e-02  -4.0345920e-02   1.9449679e-01  -2.8428663e-03   1.1059304e-01  -5.8584089e-03  -2.4099864e-01  -1.1058333e-01
   4.9249230e-01   1.0949497e+00   5.6473854e-02  -8.4038877e-01  -1.3983683e+00   6.9270316e-01   8.2063788e-01   7.0070377e-01  -1.8211106e-01   1.9702968e-01  -1.1486161e-01  -3.4780038e-01  -1.1529681e+00  -9.6731663e-01   1.8614462e-02   1.1389511e+00   6.6680891e-01  -7.1405806e-02   1.5212320e-01   3.1111944e-02  -9.8828571e-02
  -8.1355768e-01   2.1096827e+00  -5.8077750e-01   6.9597497e-02  -4.6004665e-01   4.4201774e-01  -7.0152712e-01  -9.4521019e-01   9.7797415e-02  -9.8344610e-03   4.6959405e-01   2.7652382e-01  -7.6217261e-01  -3.0855559e-03  -2.7128908e-01  -4.4730530e-01  -2.6478008e-01  -5.4021834e-01   4.0161261e-01   1.0299890e+00   8.8458702e-02
  -2.2707599e+00   4.7897824e-01  -1.5747740e+00   1.3083421e+00   4.5128768e-01   1.6145841e-01   1.5955261e-01  -3.2062080e-01   1.1353294e-01   1.6557051e-01  -2.0473868e-02  -1.7286961e-01  -3.1860968e-02  -3.4174740e-02   2.0550964e-05   5.0909075e-02  -1.4883619e-01   9.4467588e-02  -2.8098468e-03   7.3297109e-02  -3.8538438e-02
  -1.1151278e+00   2.7105778e+00   7.9018479e-01  -4.7792846e-01  -2.6553766e-01   4.4664955e-01  -1.7151912e-01   2.1638288e-01  -2.2653553e-01  -1.8345445e-02   1.4535463e-01   2.4208780e-01   2.2092617e-01   1.1900929e-01  -8.7214784e-02  -5.3333285e-02   9.9587716e-02  -1.1654115e-01  -7.3210770e-02   9.7609593e-02   4.2529544e-02
  -1.0187276e+00   7.0286977e-01   3.9094244e-01   1.7782269e+00   1.4939570e+00  -1.1042911e+00   6.1268699e-01   8.8562412e-02   5.1124223e-02  -3.0265876e-01  -3.4243956e-01  -6.5447140e-01  -1.0457038e-01  -2.9362893e-01  -4.7742034e-01  -2.9713421e-01  -1.4390172e-01   4.4874140e-01  -1.5754607e-01  -1.4986340e-01   4.5315938e-02
  -1.2246364e+00  -1.8651816e+00   3.2358140e-01   9.3044757e-01   1.3228778e+00  -1.9661715e-01   5.7235979e-02  -3.6940073e-01  -5.9723044e-01   3.5256786e-01   6.8024820e-01   6.7623277e-01   2.8875243e-01   2.5133507e-01  -5.4529601e-01  -1.6077872e-01  -2.9879972e-01  -2.1124570e-01   3.0844061e-01   1.7964663e-01  -3.1582105e-02
  -1.0977948e+00  -1.8406706e+00   1.4965245e-01   1.5124937e+00   8.4486957e-01   1.5463098e-01   4.3917144e-01   1.2952008e+00  -4.3445094e-02   4.3288467e-01  -3.1374126e-01  -1.5773327e-01   1.2260127e-01  -2.3968281e-01   7.2419604e-02  -1.8561399e-01   4.8971674e-02  -1.1314898e-01   2.0572444e-01   1.3309024e-01  -4.1963457e-02
  -1.0115053e+00   2.2849036e+00   1.0531249e+00  -2.6778131e-01  -6.9634757e-01   4.0283591e-01  -6.4687575e-01   5.6274989e-01  -4.5397490e-01   6.6093234e-01   2.9188741e-01  -8.7603990e-02   2.2637963e-01  -3.4733644e-02   1.0702531e-01   4.9508418e-02  -5.3515119e-01   1.2629148e-01  -1.3213920e-01  -2.8165245e-01  -1.7742550e-02
   2.5567361e-01  -1.9190916e+00   1.0387737e+00   7.6343221e-02   1.0607966e+00   4.7957609e-01   6.9106165e-01   1.0974493e+00  -4.9632213e-01  -9.0123627e-01  -4.6604402e-01   6.5785915e-01   2.8810921e-01  -3.7500056e-01   1.8205901e-02   2.5738794e-01  -2.7195265e-04  -2.7935101e-01   1.7611414e-01   1.0595341e-01  -1.2355704e-01
  -2.1805254e+00   2.0151811e+00  -1.6475142e-01  -3.4461967e-01   7.3073550e-01  -2.9920541e-01   1.8804249e-01  -2.4640856e-01   9.2358960e-02  -1.7444702e-01  -4.6895235e-01   1.5844916e-02  -4.7929362e-02   8.8195711e-02  -1.6959570e-01   1.9175743e-01   1.4022762e-01   1.7341446e-02  -5.5336524e-02  -9.6845622e-02  -1.9836360e-02
  -1.8848707e+00   2.1171050e+00  -4.4431102e-01  -3.3406381e-01  -7.6825810e-01   4.8735986e-01  -3.6538142e-01   3.6212925e-01  -6.5973651e-02   1.0170518e-01  -1.1709648e-01   3.0147392e-01   5.2050189e-02   2.0254565e-01   6.1053817e-02   2.1692059e-01   3.9378651e-01   8.7181356e-02   3.1903956e-01   3.2487313e-01  -2.2446590e-02
  -2.3231767e+00  -5.0493274e-01  -1.4066463e+00  -6.7767441e-01  -5.3480072e-01   2.9882107e-01   4.2636344e-01   8.3362970e-01   3.6811546e-02   3.7481587e-01  -8.6864948e-02   4.8267954e-02   3.5411343e-01   1.3172533e-01   1.1047413e-01   1.3722594e-01  -3.5785766e-01   4.4068212e-01   3.1163182e-02   1.8590207e-01   3.3881211e-02
   5.6123140e-01  -6.6471380e-01   1.1007088e+00  -1.5847167e+00   1.7054281e+00   8.8452228e-01   3.5213375e-01  -1.2015946e-01  -3.4831712e-01   3.5764318e-01   2.2551038e-01  -3.3721550e-01  -1.3340035e-01  -8.3654296e-01   7.8323087e-02  -5.2975597e-01  -3.0187559e-01  -3.3212981e-01  -8.0824955e-02   1.7725239e-01   1.9657237e-01
   1.3592424e+00  -2.9199566e-01   7.0215644e-01  -6.0201507e-02   1.3012659e+00  -1.0089390e+00  -1.1849263e+00   3.8972230e-01   1.2852088e+00   2.0065601e-01   8.4605139e-01  -5.1388064e-01  -6.4707661e-02   1.5976441e-01   1.3499232e-01  -6.8239441e-02   5.4895326e-01   2.9138461e-01  -3.3846036e-01  -2.8323314e-01   4.6679938e-02
  -1.4317053e+00   1.9459548e+00  -2.3558580e-01  -2.4733485e-01   1.4266817e+00  -6.3472973e-02  -5.2998004e-02  -3.7051142e-01  -7.0470947e-01  -3.7891682e-01  -4.0215039e-01  -1.2722824e-01  -2.4552112e-01   2.3579495e-01  -4.8260049e-02  -4.2788133e-01   8.6496570e-01   1.5371079e-02   9.9221010e-02  -4.7321997e-03  -1.2903923e-02
   4.3980901e-01  -1.2419134e-01   9.8238570e-01  -1.5419429e+00  -3.5886057e-01   1.0317041e-01   1.2547652e+00  -1.0146391e+00  -6.7619266e-01  -2.5897894e-01   7.7737550e-02  -1.0897860e+00  -3.0694930e-02   7.0873642e-01  -4.0585278e-01  -5.0773400e-01  -6.1716150e-01  -7.5978326e-01  -2.6482864e-01   1.7924380e-01  -5.5242080e-02
  -2.3620552e+00   1.1820935e+00  -7.6738773e-01   5.3856751e-01   1.0985272e+00  -3.9080522e-01   1.9849197e-01   1.0861058e-01  -2.3894925e-01   5.8715756e-01   4.4921491e-02  -1.6745049e-01  -4.0092391e-01   9.8492768e-02  -1.1458097e-01   2.9459423e-01   1.0887511e-01   5.0888180e-02   3.7877663e-02  -2.1900303e-01  -3.8529494e-02
  -1.6674957e+00  -1.2573987e-01  -2.4847332e+00  -9.2865888e-02  -2.3940539e-01   1.5226067e-01  -4.0713549e-01   1.1505931e-01  -7.4709269e-02  -7.3079548e-01   1.4475895e-01   4.7460254e-04   7.4127359e-02   2.1362766e-01   1.8795121e-01  -2.8044927e-01   1.9749515e-01  -8.9392177e-02   5.0158187e-02  -1.1666735e-02  -3.2481097e-02
  -1.5964240e+00   1.4179447e+00   4.1248352e-01  -1.0798198e+00   3.9010529e-01  -1.3745976e+00   3.2816890e-01  -4.6516451e-01   2.7130385e-01  -1.1380166e+00  -1.5721402e-01  -7.9558750e-02  -2.9339313e-01  -1.7691167e-01  -5.5566022e-02   2.7498856e-01  -7.0275390e-02   3.5268588e-01  -6.0459293e-02  -1.4556391e-01  -2.2174495e-02
  -8.9777446e-01   2.7676665e+00   9.2058348e-01  -1.0375897e-01  -5.4658168e-01   2.0431518e-01   3.8293574e-03   4.4339777e-01  -1.7863701e-01   1.3198484e-01   5.2828702e-02   2.7835498e-01   1.8027923e-01  -1.2212935e-01  -2.6500588e-02  -5.6845438e-02  -2.0838121e-01   1.1536615e-01   1.2809285e-02  -1.9850281e-02  -1.2544395e-03
  -8.7015382e-01  -2.9068203e-01  -2.8802262e+00   2.0624223e-01   1.3552261e-01   2.6274559e-01  -3.3982901e-02  -1.7812701e-02   2.6623348e-01  -4.3385679e-01  -3.2807851e-02  -1.2493887e-01  -1.8949461e-02   1.8648717e-01   1.8184757e-01   3.9948016e-01  -3.1975312e-01  -3.4301394e-01  -1.3018802e-01   6.5444214e-02   4.2457451e-02
  -1.3587115e+00  -6.6559460e-01   3.1155628e-01  -1.2302344e+00  -3.8895602e-02  -1.0863196e+00   7.6706545e-01   1.1513219e+00   8.3398847e-01   1.0151100e+00  -4.1501122e-01   8.4449481e-01   2.0839557e-01   3.1504974e-01   8.7306738e-03   1.3074013e-01  -2.5283618e-01   2.1181292e-01   3.6673182e-02   3.5621702e-01  -2.3188991e-02
  -1.8114474e+00   2.3150751e+00  -3.2719426e-01  -8.1635502e-01   2.3959771e-01   3.4529808e-01   1.1352514e-01  -8.2480758e-02  -8.6517357e-02  -2.4116397e-01   2.0501195e-01   6.6674876e-02  -1.1176882e-01   1.4602422e-01  -2.2568961e-02   1.7401514e-01   4.2856966e-01  -1.4089628e-01  -2.3937726e-02   2.2829151e-01   2.3915181e-02
   8.8259849e-01  -3.1248581e-01  -5.4155544e-01   4.3913372e-01  -3.5026791e-01   3.9189613e-01  -2.5248047e-01  -5.8889259e-01   2.2778487e-01  -1.4815721e+00   4.8402822e-01   5.5772004e-01  -1.4175220e+00   1.0655945e+00   2.9322265e-01   2.2404054e-01  -1.0956685e+00   1.4960902e-01  -7.9477029e-01  -1.5360600e-01  -4.1352444e-02
  -1.9523451e+00  -1.9217858e+00   8.4091572e-01  -2.6770504e-01  -5.0823554e-01   6.0816875e-01  -9.3395475e-01   2.3769497e-01   1.0664546e-01   1.4724559e-01  -1.9196580e-02  -7.3308556e-03   1.7247765e-02   1.3994137e-01  -1.9970593e-01   8.0835348e-02  -8.1539490e-02   9.8697632e-02  -2.6145988e-01   1.1258346e-02   3.7564896e-04
  -2.1767276e+00  -1.2205630e+00  -4.2401073e-01   1.0296354e+00  -7.0527445e-01  -8.6775787e-01  -8.7075889e-01   3.9437068e-01  -2.6198799e-01  -2.0334775e-01  -2.2846058e-01   1.2608356e-03   2.3376346e-01   1.5889625e-03   2.6813449e-01   9.4251249e-02  -2.5873980e-02  -2.3494945e-01   1.6986214e-01  -5.7848086e-02   2.6701625e-02
  -2.2018736e+00   1.2904736e+00  -6.7464196e-01   1.4135381e+00   6.3127659e-01  -3.2031779e-02  -1.2256799e-01  -4.6056951e-01   2.6317561e-01   3.0960140e-01  -2.6372544e-01  -3.0607105e-01  -7.0931612e-02   1.5517913e-01  -1.4290423e-01   1.3500505e-01  -8.3793628e-02  -2.7984973e-02   4.5356321e-02   1.7139440e-01   8.6715391e-03
  -1.2139511e+00  -1.0432871e+00   9.2408649e-01   3.7109534e-01  -3.3772850e-02   6.5487756e-01  -8.1949305e-01   7.7378365e-01   1.5451781e+00   9.2172993e-02   8.3609557e-01  -7.7589496e-01  -2.6745602e-01  -5.0254487e-01  -5.1284839e-01  -5.9410200e-01   3.0118624e-01   9.1004529e-02  -1.1325282e-01   1.9225633e-02   4.5477227e-03
  -1.4488839e+00  -1.5676711e+00   1.2426550e+00  -1.0750800e+00   1.4386841e-01   9.4558177e-01   7.1656328e-01   3.0645674e-01   4.9531967e-01   2.6132314e-01   3.2252536e-01  -4.7510719e-01   4.9549750e-01   1.6650671e-01  -1.4456599e-02  -8.9346324e-02   4.6030849e-01   2.5482918e-01  -1.2983478e-01  -6.4191042e-02   1.0452315e-01
  -5.5444615e-01   9.6682876e-01   1.9861897e+00   3.0688978e-02   1.1680273e-01  -1.3688259e+00   4.1228223e-01  -4.5741812e-01   2.0762411e-01  -1.1226458e+00  -5.4989011e-01   1.8145462e-02  -1.2744785e-01  -2.4889604e-01   7.0300184e-01  -3.6378488e-01  -3.7304426e-01   1.8691375e-01   1.7848353e-01   1.5121559e-01   9.8020076e-02
  -3.9481701e-02   1.8593274e+00   1.4871644e+00  -6.5142644e-01  -1.6228706e+00   2.7494493e-01   1.8450681e-01   2.0528097e-01  -3.7250597e-01   2.8157134e-01  -1.2879062e-01  -1.6291554e-01   2.0631744e-01  -5.0328620e-01   1.7427175e-01   5.9721504e-01   3.8897444e-01  -1.7715451e-01   2.4344695e-02  -2.9537051e-02   2.8324777e-03
  -1.3228397e+00  -1.2039214e+00   1.9505044e+00  -2.5434992e-02  -1.5695108e-02  -2.2080181e-01  -1.2730926e+00   4.6098848e-01   1.1192513e-01  -1.6345240e-01  -4.5554938e-01   5.5079643e-01  -2.7934750e-01   1.4209515e-02   3.0865827e-01   4.3438424e-01   2.0477740e-02  -4.5211913e-01   4.8291563e-02   4.3135022e-02  -4.0535630e-02
  -1.0600533e+00   1.6246661e+00  -1.2996687e-01  -1.3438876e+00   3.2968047e-01   7.6556072e-02  -2.5921917e-01   2.8629796e-01   4.4883691e-01   3.3141824e-01  -1.0556075e+00  -2.0511502e-01   5.1105639e-01   3.7151578e-01  -7.0311675e-02  -1.5376674e-01  -1.1469562e+00  -9.6454839e-01   8.5295892e-02  -2.6921994e-02   5.2454335e-02
   6.8210557e-01   2.5946816e-01  -5.0346206e-01   2.3219640e+00   9.7705308e-01   3.5824842e-01   8.3577940e-02   6.8429815e-01   6.7235206e-01   2.6237429e-02   5.2219830e-01  -6.0952466e-01   1.3695506e-01   1.3805046e-01   7.1281992e-01  -8.6827420e-02   6.9515044e-01  -3.7228244e-02   3.3561289e-01  -1.3308950e-01   3.0145212e-02
  -2.0624016e+00  -1.1085349e+00   1.5903995e+00  -8.8315676e-01  -3.1468316e-01   4.5701696e-01  -5.4209673e-01   2.8725508e-01  -2.2960495e-01  -5.6833504e-02   4.0378682e-01  -3.3434581e-01  -2.2480199e-01  -1.6179049e-01  -3.0071751e-02   3.4494572e-01   1.0498907e-01  -6.1207682e-02   4.0687387e-02  -3.0206243e-02  -2.2779012e-02
   1.0477405e+00  -1.2892605e+00   9.6939954e-01   6.2138246e-02   9.4582741e-02   1.4827203e+00   3.2751545e-01   1.8858563e-01   1.3599834e-01  -1.7790279e-01  -1.5143053e+00   3.7720113e-01  -4.2890172e-01  -2.1379564e-01  -7.4617154e-01   5.5128282e-01  -6.1975662e-02  -5.7252305e-01   1.7260686e-01   8.5610440e-02  -5.8084192e-02
  -2.1869905e+00  -1.4757428e+00   6.4496045e-01  -8.3777754e-01   8.2731680e-01  -2.6644274e-01  -1.0109170e+00   1.6722489e-01  -1.5466663e-01   3.2102793e-02  -4.2538192e-02   2.4270447e-01   2.0150776e-01   7.0676951e-03  -3.3239305e-02   1.0727948e-01   1.3211155e-02   1.1800375e-01   1.0370292e-01   3.9125701e-02  -8.5241965e-03
  -2.2042857e+00   9.3512109e-01  -7.3024531e-01   1.7891701e+00   4.3049313e-01  -9.5709522e-02   2.8772388e-01  -2.5016278e-02   2.7406891e-01  -3.2766579e-01  -1.6417940e-01  -1.4895842e-01   4.4886844e-02  -7.7374197e-02  -1.0618788e-01   5.8171384e-02   2.8346322e-02  -1.1329766e-01  -8.4449296e-02   7.4033064e-02   3.0922197e-02
  -2.2361145e+00  -8.0016929e-01   6.9773407e-01  -3.6663609e-01  -1.4500726e+00   7.7092093e-01  -7.5401566e-01   8.3389434e-02  -1.3460382e-01  -3.2282783e-01   8.6270934e-02  -1.6185858e-01   3.2329153e-01   1.8792389e-01   7.8509253e-02   2.0543069e-01  -2.6419039e-02  -1.1754997e-01  -3.0954827e-01  -1.4820751e-01   5.2564339e-02
  -1.7263573e+00  -7.8695187e-01  -4.0541049e-01   2.0479128e+00   7.7664733e-01   3.1718525e-01   2.3877923e-01  -8.8077005e-01   2.6171013e-01   4.5340773e-01   2.4665264e-02   7.2000091e-02   1.2964374e-01  -2.7857245e-01  -2.5163668e-01  -7.4773226e-02  -9.4014423e-02   1.3000395e-01  -9.1251125e-02   2.0457870e-01  -2.3745969e-02
  -3.4266350e-01   1.4837108e-01  -1.2568453e+00  -2.1577053e+00   1.1246113e+00   7.3098554e-01   3.6044910e-01  -3.4048492e-01  -4.8581039e-01   1.5907040e-01   3.4713205e-01  -2.0510516e-01  -6.9918683e-01  -3.5945080e-01   3.0295511e-01   5.9457301e-01  -4.2858969e-02  -2.2014358e-01   1.2878964e-01  -2.6240688e-02   1.6806799e-01
  -2.2006840e+00   1.5532261e+00  -5.1399098e-01   7.5763811e-01   2.6488051e-01   2.5741017e-01   7.4048041e-01   9.3462131e-01   3.2386948e-01  -3.7677905e-02  -3.3990051e-01  -1.2770561e-01   1.9104024e-02  -6.5705120e-02  -2.5939491e-01   1.5983778e-01   2.9541164e-02   1.0764622e-01  -3.1367440e-03   1.5389963e-01   6.1704108e-02
  -1.8342828e+00   2.3904011e+00   1.9875927e-01   6.2032791e-02   3.7738909e-01  -3.3542936e-01   2.6074547e-01   3.9053302e-02  -3.6024700e-01  -4.2293165e-02  -5.0432602e-01  -3.2223092e-01  -2.2826428e-01   5.9543504e-02  -1.5382086e-01  -8.1749648e-02  -1.2035352e-02   6.2894593e-02   2.4230081e-02   7.4184347e-04  -4.4414571e-02
  -8.1551216e-01   1.5636925e+00   2.0359890e+00  -4.5246954e-01   1.1481557e+00   4.4991514e-01   3.8888709e-01   3.4547726e-01  -2.9569636e-02   3.4793809e-02  -1.9213918e-01   2.5250719e-01   2.5276354e-01   3.9466820e-01   2.5553407e-01  -1.4389212e-01   1.8161621e-01  -5.2420588e-01  -2.0450702e-01  -2.4694021e-02   5.9985569e-02
   1.2937947e+00   6.6040235e-01   5.5170932e-01  -6.7691390e-01   1.6725907e+00  -1.4963622e-01  -1.2982640e+00  -5.2996935e-01   3.3286113e-01  -7.4270820e-01   3.8954281e-01  -2.7377522e-01   4.9879502e-01   3.6717148e-01  -3.4714638e-01   4.3494525e-01  -1.0433066e-01   8.3273108e-01   3.4245725e-02   1.1618756e-01  -2.0618675e-01
  -1.7338476e+00  -6.5192207e-01   1.0118552e+00  -6.5139868e-01  -7.7510813e-01   7.0172369e-01   1.1467076e+00  -9.4701378e-01   6.9812441e-01   8.6869804e-03  -2.2759777e-01  -2.6949712e-01  -2.3999563e-01   9.3001547e-01   4.5181055e-01   1.9269797e-01   1.3306127e-01   1.3329139e-01   5.5860023e-02  -3.5999431e-02   8.7515381e-02
  -1.0050601e+00   2.6966193e+00   8.8046867e-01  -2.4944453e-01  -5.4063703e-01   2.4783381e-01  -2.3154412e-02   5.0349114e-01  -2.2473550e-01   2.0792852e-01   9.7667331e-02   2.6633960e-01   1.5813479e-01  -1.7453306e-01  -9.8577867e-04  -9.6572146e-02  -2.9722835e-01   1.1161211e-01   3.4891928e-02  -5.2270781e-02  -1.3513738e-03
   1.4214936e+00   4.4956887e-01  -8.3730781e-01   1.5633711e-01   9.0860695e-01  -3.2435154e-01   5.4885210e-01  -4.7001173e-01  -3.7083549e-01   1.2600808e+00   8.3899186e-01   4.8115593e-01   1.1643584e+00  -4.3146869e-01   6.8768096e-01   6.9302140e-01   4.9156051e-01  -3.5757190e-01   1.4266436e-02  -2.3465257e-01  -1.4339446e-01
  -4.0607532e-01  -3.5026587e-02  -6.7146397e-01  -2.2413774e+00  -2.5589126e-01   3.0681542e-01  -3.8184645e-01  -1.1842512e+00   6.5121404e-01   4.4869600e-01  -2.8165847e-01  -2.2132503e-01   2.3285874e-01   3.1851679e-01  -3.2315830e-01   7.1878218e-01  -6.2364903e-01   3.4347514e-01   7.3624978e-01  -2.2660604e-01   1.5229711e-01
  -2.0649124e+00  -1.3114333e+00  -4.9632682e-01  -5.4028623e-02  -7.6759230e-01  -8.7433603e-01  -9.8904198e-01   1.7671959e-01   4.8500568e-01  -1.7170335e-01   6.9179159e-01   2.7340040e-01  -2.7755550e-01  -3.3957751e-01   9.9513045e-02  -3.9425082e-01   1.9069744e-01  -3.6964755e-01  -2.5486596e-01   4.1805722e-02   5.6362884e-02
  -3.4402405e-01  -5.3384698e-01   7.9225815e-01  -4.5297286e-01  -1.4657621e+00  -1.1289611e+00   2.3283188e-01   7.2735183e-01  -8.3342333e-01   3.2125253e-01  -4.0320330e-01  -9.6852016e-02  -4.9935005e-01   5.8992115e-01  -1.6139471e+00  -3.8690834e-01   5.3102483e-01   1.0865676e-01  -2.2527898e-01  -1.7779682e-01   2.4711417e-01
  -2.5051327e+00  -1.1939685e+00  -4.8493404e-01  -9.8486876e-02  -2.1601592e-01   5.8426067e-01   8.5939037e-01  -4.4597861e-01  -4.4862245e-01  -5.6536702e-01   8.8971043e-02   1.4536065e-01   1.9149163e-01   3.0868878e-01   1.6430866e-01  -6.7122536e-02  -8.4845163e-02   1.5729161e-01   1.2841910e-01  -8.2534460e-02  -2.7662735e-02
  -2.2760753e+00  -1.0896413e+00   7.6859295e-01  -1.0405209e+00   1.1070292e+00   3.0865867e-01  -4.9488197e-01   9.6026993e-03  -1.5806811e-01   3.6986070e-01   2.5742876e-01   3.1586782e-01  -3.8191233e-02   1.1618472e-01   3.6521160e-02  -1.4152219e-01  -9.5353833e-02   1.8248649e-01   9.3768694e-02   4.8158931e-02  -1.0897642e-01
   9.4337160e-01  -9.5485950e-02   1.1612432e+00   4.5887448e-01  -7.1914664e-01  -1.8391971e+00   1.3849418e+00  -6.7589489e-01   2.1405736e-01   6.1253545e-01   4.6675949e-01  -3.0871780e-01  -2.1419606e-01  -3.4149974e-02   3.9241796e-01  -3.3344541e-02   1.8889066e-01  -2.3483626e-01  -1.0982529e-01   4.8047981e-01  -1.6989276e-02
  -1.0749041e+00   5.4269012e-01   1.2007977e+00   1.0445705e+00  -1.0915557e+00   4.7068051e-02  -1.8899103e+00  -4.4448634e-01   2.3593187e-01  -1.2176323e-01  -5.3630315e-01  -2.9444298e-01   6.6339776e-02  -4.8328598e-01   1.5187301e-01  -3.1832813e-03   5.0147513e-01  -2.2687893e-01   2.2020460e-01   7.0124676e-03  -3.6914815e-02
   7.3841309e-01   3.8256425e-01  -1.8670587e+00  -1.2175241e+00  -2.8480971e-01   9.0409836e-01  -8.6608883e-01   1.1153076e+00   4.2409680e-02  -6.8692849e-01  -3.0474280e-01  -1.8081137e-01  -4.0121474e-03   1.9412300e-02   1.4150327e-01  -7.1062988e-01  -1.2372718e-01   4.2525064e-01   2.5000844e-01   2.5069756e-01   6.6424585e-02
  -2.1104245e+00  -3.3952450e-01  -6.7633390e-01  -8.3182912e-01   1.2272664e-01   1.6150819e-01  -1.9284441e-01  -1.6278229e+00  -3.4263082e-01   7.9378676e-01  -2.1100676e-01   6.4743198e-01   6.9487733e-02   8.3828776e-02  -8.3197320e-02  -4.9388505e-01  -1.2486495e-01   8.3753215e-02   2.2740169e-01   1.0592650e-01   5.3046509e-02
  -7.6987520e-01   1.5941934e+00  -9.2530518e-01  -2.0439769e+00   5.6674123e-01   5.3491291e-03   1.4331300e-01  -3.5930073e-01   1.6257781e-01  -8.6375178e-02   2.2191412e-02  -8.9793684e-01  -2.4131666e-01  -3.9672968e-02   5.2422059e-02   1.5820054e-01   4.2777581e-01  -3.8783254e-01   6.1535117e-02   3.1859465e-01  -5.7101668e-02
  -2.3805854e+00  -9.6964061e-01  -1.5117591e-01  -1.6448411e-01   2.3345180e-01  -1.0567508e+00   6.6877849e-01  -5.9571174e-02  -3.1752284e-01  -4.1373186e-01   2.7707518e-01   4.9964513e-01  -4.0482557e-01  -2.1257163e-01   4.3195904e-01  -5.7507937e-01  -5.1929355e-01   3.2440430e-01  -1.5277519e-01   9.4081632e-02   6.6852116e-03
  -6.1864392e-01  -9.9522794e-01   1.9465459e+00  -2.8086069e-01   3.5844476e-01   1.3994839e+00   3.6857396e-01   3.2131037e-03   1.0094063e+00  -3.8649992e-01   1.5341616e-01  -8.8303375e-01   4.4085813e-01   2.1781317e-01  -6.9453744e-02  -1.5043048e-01   3.4574298e-01   1.8317926e-01  -2.5461139e-01  -2.3881943e-01   1.6151046e-01
  -2.1939007e+00   1.6222593e+00  -8.8625688e-01   9.9895212e-01   8.3726293e-03   1.9729923e-01   5.4500217e-01   1.1782060e-01   2.2500062e-01  -2.5176718e-01  -7.0648665e-02  -1.2576558e-01  -1.7942633e-01  -1.3174714e-01  -2.5982419e-01   1.7683617e-01   2.2004352e-01  -2.8494455e-01  -1.5420622e-01   1.1786783e-01  -4.4384440e-02
   4.7931385e-02   7.1718132e-01   6.0438433e-01  -4.5696061e-01  -7.4039219e-01   5.3594315e-01  -5.4498737e-01  -8.4757421e-01  -1.6336458e+00   1.4258289e+00  -1.6995278e-01  -1.2456962e+00  -1.6963530e-01  -6.2718595e-02  -5.3167392e-01  -9.4387668e-02  -1.9236302e-02  -1.2423250e-01  -5.5490942e-01   3.1262637e-01  -1.7967632e-01
  -9.2348102e-01  -3.0524102e-02  -1.1887839e-01  -2.6176534e+00  -4.6837186e-01  -2.5842292e-01  -1.6507563e-01  -8.5169152e-01   4.0576055e-01  -4.4365536e-01   4.6696168e-01   1.8257112e-01  -2.2474376e-02  -3.4324487e-02   2.0724204e-02   6.5615776e-01  -1.5857057e-01   2.7597827e-01   2.8159255e-01  -1.2342293e-01   9.8443401e-02
  -2.0448993e+00  -7.5261641e-01   1.1671538e+00  -1.3305026e+00  -1.3510151e-01   6.3768899e-01  -9.7516930e-01   4.6018220e-01  -3.0352990e-01   2.4966972e-02   3.1042603e-01  -1.7841636e-01  -1.5417362e-01  -1.3439245e-01   1.0480533e-02   4.3760179e-01   2.4293188e-01   1.3415009e-01  -6.4815836e-02   7.9042222e-02   7.3101888e-02
  -7.5472253e-01   6.7667359e-01  -1.9254695e+00  -1.7181284e+00  -5.5600788e-01   7.8877071e-01  -6.7561310e-01   6.0858710e-01   1.0059267e-01  -3.3364198e-01  -2.7150476e-01  -6.9920139e-02   2.3854911e-01   3.2056248e-01  -8.8481095e-02  -3.0229494e-01  -7.0629864e-02   2.6515054e-01   1.8617176e-01   1.5887208e-02   4.5611274e-02
  -9.3573325e-01  -8.9978798e-02  -1.5143903e+00  -7.8548672e-01  -1.1658642e+00   8.8586816e-01  -4.1495004e-02  -1.5620191e+00   4.8643115e-01   1.7708387e-01  -1.4724210e-01  -7.3087136e-01   5.8201127e-01   1.9398951e-01   3.7397084e-01   2.0322165e-01   1.3715556e-01   4.0661368e-01   2.1401566e-01  -5.4570818e-02   1.0385121e-01
  -1.3045370e-01   1.1704161e-02  -1.6035532e+00  -2.2648665e+00   1.0847892e+00  -5.2791428e-01  -1.2976963e-01   5.6160062e-01   1.2654090e-01   7.4482982e-02  -2.3472805e-01   2.0744030e-01  -1.9219777e-01  -3.2194432e-01   3.6925632e-01   1.5407007e-01   2.1047708e-02  -1.3057079e-02  -2.7162310e-01  -6.2055985e-02  -6.3658333e-02
   4.8032009e-01  -2.9689273e-01  -4.7261015e-01  -2.4714610e+00   1.3846376e+00  -5.7497344e-01  -6.6997875e-02   3.9554598e-01  -1.7948612e-01   2.2107384e-01   1.1313367e-01   3.4739885e-01  -4.4918509e-01  -8.4707524e-02   4.1166590e-01  -1.4153449e-01   1.4428414e-01   4.7235988e-01  -2.1541519e-01   2.0912216e-01   4.2294893e-02
   5.2546741e-01  -6.4622626e-01   1.4669508e+00  -1.4985745e+00   1.3413945e+00   1.0909288e+00   6.4120258e-01  -1.9896132e-01  -2.6639127e-01   4.0497662e-01  -1.8531723e-02  -2.3130616e-01  -1.7104277e-01  -5.9308042e-01   1.6404659e-01  -4.8901724e-01  -4.1511984e-01  -5.2674892e-01   9.8977123e-02   1.8542617e-01   1.9924674e-01
  -8.2925973e-01   2.7508955e+00   1.0474876e+00  -1.6774474e-01  -4.6965447e-01   2.0615714e-01   8.0832847e-02   3.7009308e-01  -3.0651162e-01   1.5605104e-01   1.2339557e-01   2.5773772e-01   1.3446326e-01  -9.3087631e-02  -4.9226770e-02  -4.8659422e-02  -2.2478282e-01   9.1527069e-02  -1.4908148e-02  -2.2970084e-02  -7.4506631e-03
  -8.9777639e-01   2.4078827e+00   8.4745284e-01  -6.5174780e-01  -1.2879833e-01   1.0706067e+00  -6.8587703e-02   1.4730978e-01  -7.1752726e-01  -1.0431658e-01   5.9807823e-01   5.2827965e-02   9.7823401e-02  -3.4631912e-01  -1.3231254e-01   9.9693051e-02  -5.3768422e-02  -6.9579889e-02  -1.1046071e-01   1.3658854e-01  -2.5419704e-02
  -2.5525892e+00  -1.1910295e+00  -3.6179747e-03   4.9623165e-01  -2.6035725e-01   9.4694510e-01   5.9214496e-01   3.5802073e-02  -1.9486091e-01  -2.0564209e-01   7.2934461e-02  -3.0760293e-01   8.2790646e-02   4.5601498e-01   2.8287144e-01   8.3889576e-02  -2.7513959e-02   9.0331856e-02  -2.0025364e-01  -8.8370325e-02   2.4100156e-03
  -8.7606238e-01  -4.6739301e-01   2.0847261e-02  -1.4833433e-01  -1.6026771e+00   6.6445069e-01  -6.4085020e-01  -1.8749019e+00   4.1012242e-02   3.6536697e-01   2.3195993e-02   2.9943681e-01  -2.0709590e-01  -1.1760664e+00  -1.4126377e-01   3.9370762e-01   1.1328300e-01   1.1420770e-01  -4.3161965e-01   1.2674944e-01  -6.3691165e-02
  -1.2742144e+00  -8.6357682e-01   1.0076926e+00   1.3434925e+00   4.8270177e-02  -4.4331441e-01  -1.7664806e+00   2.9794705e-01   6.3883662e-01   1.4655846e-01   3.8438065e-01   1.6016123e-02  -7.7705156e-01  -1.7965170e-01   2.4276688e-01   3.3390232e-03  -2.2455026e-03  -1.0584614e-01  -3.5036263e-01  -5.4306428e-02  -1.1771922e-02
  -1.1531026e+00   2.6696070e+00   4.4262296e-01   2.2809329e-02  -4.8547143e-01   7.5102168e-01  -2.1571201e-01   1.2506382e-01  -1.9961399e-01   4.1903504e-01   4.0870583e-01   9.2490092e-02   2.3839665e-01  -2.0376793e-02  -1.2095418e-01  -1.5749687e-01  -1.1168703e-01  -7.1401598e-03   9.0580546e-02   5.6435798e-02   3.7885138e-02
  -7.9624890e-01   2.3371289e+00  -2.0508623e-01   4.4443717e-02   3.3982110e-01   4.5537857e-01   4.8340006e-01  -1.1959175e-01  -5.3345312e-01  -6.6876285e-01   7.2853334e-01   1.0082003e+00   3.2632969e-01   6.6956980e-02  -4.5841636e-01  -1.9219330e-01   5.0262893e-01   1.0851503e-01  -5.8684025e-01   8.0296891e-02   2.0318002e-01
  -9.8218267e-02   1.7251409e+00   6.7489741e-01   1.1386627e+00   7.9794308e-01  -5.9716886e-02   6.0929776e-01  -7.4840315e-01  -9.3345813e-01  -5.8160837e-01   9.1849404e-01   1.4435717e-01   8.4136645e-01   5.9458094e-01   2.4701072e-01   6.3376575e-01   1.9061496e-01   3.4088178e-02  -1.5840044e-01   1.6838781e-02  -1.8225171e-01
   1.1415386e+00  -7.9287854e-03   1.2885619e+00  -9.3314790e-01  -1.0695720e+00  -7.0579459e-01  -3.5931515e-01   4.7063728e-01  -1.1377107e+00   1.7110766e-01  -5.9651160e-02  -1.4452389e+00  -7.4971666e-02   6.9962838e-01  -2.8641439e-01   1.3923370e-02  -2.3973224e-01  -3.1031285e-01  -4.9435746e-02   6.7349101e-02  -1.4526790e-01
  -1.3256480e+00  -4.2509061e-01   9.0106652e-01  -5.3313326e-01   2.0409660e+00   6.4938723e-01   4.5006079e-01   2.3749120e-01  -4.7799378e-01   3.5851610e-01   1.0016102e-01  -1.1603848e+00  -6.1305303e-02  -3.7931823e-01  -8.8660944e-03  -2.0565742e-01  -2.2170212e-01  -3.6526098e-01  -6.1903341e-02   8.3571016e-02   1.7360865e-01
  -1.0714975e+00  -1.2783747e+00   6.8097324e-01  -1.6875518e+00  -7.7446617e-01   5.9618485e-01   1.2197756e+00  -4.6383642e-01   7.0550639e-01   4.0584493e-01  -4.5785779e-01  -2.6489772e-01  -2.6120597e-01   3.4443283e-01  -7.3894342e-02   2.8799752e-02   2.9479107e-01   7.5584943e-02  -1.5889216e-01  -4.3766073e-02   6.0877418e-02
   1.3199256e+00  -4.1994027e-01   4.3683473e-01  -3.3913833e-02  -5.4218638e-01  -1.9757162e+00   8.4598382e-02   3.6027130e-01  -7.1607491e-01   8.0466616e-01   4.6660365e-01  -3.2144682e-01   4.1955299e-02   8.6839791e-01   7.8993066e-01   6.2287681e-01   7.7472714e-02   2.4944363e-01   1.0617609e-01   4.6496693e-01   1.0687017e-01
  -2.0330607e+00   3.9001523e-01   1.3249514e+00   1.2558028e-01   6.0664249e-01  -3.3645866e-01  -1.3759624e+00  -1.2636547e-01  -3.0277188e-01   9.1744609e-01   3.9474885e-02  -4.4705070e-01   9.3778930e-03   3.0379057e-01  -2.6579445e-01  -1.1473278e-01  -3.7782675e-01  -1.0630221e-01  -2.7551269e-01  -1.3886370e-01   6.5508436e-02
   4.2615683e-01  -4.6074669e-01  -2.4525352e-01  -1.8083126e+00   1.0110999e+00  -3.1083145e-01  -1.7689686e+00  -5.4793148e-01   9.4359000e-01   1.4447566e-01  -1.5882129e-01   3.1949578e-01   3.3401129e-01   2.1110550e-02  -3.6772588e-01  -5.1657162e-01   1.3612586e-01   2.2256682e-01  -2.5889627e-01   2.1296322e-01   3.1737164e-02
  -1.9873550e-01   1.1331586e+00  -1.3242541e+00  -2.3235928e+00  -3.5252537e-01   3.2595860e-01  -3.4723500e-01  -1.6616688e-01   1.1994488e-01   1.4226206e-01  -2.4151738e-01  -7.9110165e-01   7.3801973e-02  -2.1582585e-01   2.2395658e-01   3.9435837e-02  -1.6537760e-01   1.0430137e-01   5.1577193e-01  -1.1710125e-01   1.2222450e-01
  -1.9560809e+00  -6.0225265e-01  -2.0216462e+00   1.0814896e+00   9.6936924e-02   7.3297562e-02   9.9465663e-02  -5.8915784e-01  -1.5214547e-01   2.4824663e-01   5.0029232e-02  -1.4170146e-01  -5.6946690e-02  -1.5165942e-01   1.6891387e-01  -1.4520770e-01   3.3135406e-03   1.3360755e-01  -2.5061887e-02  -7.8425409e-02  -1.2073869e-02
  -1.1057235e+00  -1.0900000e+00   1.7750542e+00   4.4335186e-02  -9.2261381e-01  -1.5558480e-01   8.5487385e-01  -5.7891578e-01   1.1454514e+00  -3.6940311e-01  -2.1741337e-01   1.4242006e-01   4.4712783e-01  -4.8140611e-01  -4.2195876e-01  -1.7238908e-01   2.4937301e-01   5.0000494e-01   1.7477670e-01   4.4185999e-02  -3.6728321e-02
  -1.8516423e+00  -1.6302288e+00   1.1466074e+00  -1.0182077e+00  -8.5814434e-01   4.9203952e-01   3.5084707e-01  -2.3195710e-01   2.4142018e-02  -2.0905290e-01   2.1615318e-01  -1.0928069e-01  -2.6254912e-01   1.5293119e-01   3.3400942e-01   7.8442377e-02   2.8131189e-01  -3.8344005e-02   2.0656272e-01  -2.7458188e-02  -6.5120275e-03
